0.0031 10 10 1
0.0031 10 10 5
0.0031 10 10 10
0.0031 10 50 1
0.0031 10 50 5
0.0031 10 50 10
0.0031 10 100 1
0.0031 10 100 5
0.0031 10 100 10
0.0031 50 10 1
0.0031 50 10 5
0.0031 50 10 10
0.0031 50 50 1
0.0031 50 50 5
0.0031 50 50 10
0.0031 50 100 1
0.0031 50 100 5
0.0031 50 100 10
0.0031 100 10 1
0.0031 100 10 5
0.0031 100 10 10
0.0031 100 50 1
0.0031 100 50 5
0.0031 100 50 10
0.0031 100 100 1
0.0031 100 100 5
0.0031 100 100 10
0.0057 10 10 1
0.0057 10 10 5
0.0057 10 10 10
0.0057 10 50 1
0.0057 10 50 5
0.0057 10 50 10
0.0057 10 100 1
0.0057 10 100 5
0.0057 10 100 10
0.0057 50 10 1
0.0057 50 10 5
0.0057 50 10 10
0.0057 50 50 1
0.0057 50 50 5
0.0057 50 50 10
0.0057 50 100 1
0.0057 50 100 5
0.0057 50 100 10
0.0057 100 10 1
0.0057 100 10 5
0.0057 100 10 10
0.0057 100 50 1
0.0057 100 50 5
0.0057 100 50 10
0.0057 100 100 1
0.0057 100 100 5
0.0057 100 100 10
0.0083 10 10 1
0.0083 10 10 5
0.0083 10 10 10
0.0083 10 50 1
0.0083 10 50 5
0.0083 10 50 10
0.0083 10 100 1
0.0083 10 100 5
0.0083 10 100 10
0.0083 50 10 1
0.0083 50 10 5
0.0083 50 10 10
0.0083 50 50 1
0.0083 50 50 5
0.0083 50 50 10
0.0083 50 100 1
0.0083 50 100 5
0.0083 50 100 10
0.0083 100 10 1
0.0083 100 10 5
0.0083 100 10 10
0.0083 100 50 1
0.0083 100 50 5
0.0083 100 50 10
0.0083 100 100 1
0.0083 100 100 5
0.0083 100 100 10
0.0109 10 10 1
0.0109 10 10 5
0.0109 10 10 10
0.0109 10 50 1
0.0109 10 50 5
0.0109 10 50 10
0.0109 10 100 1
0.0109 10 100 5
0.0109 10 100 10
0.0109 50 10 1
0.0109 50 10 5
0.0109 50 10 10
0.0109 50 50 1
0.0109 50 50 5
0.0109 50 50 10
0.0109 50 100 1
0.0109 50 100 5
0.0109 50 100 10
0.0109 100 10 1
0.0109 100 10 5
0.0109 100 10 10
0.0109 100 50 1
0.0109 100 50 5
0.0109 100 50 10
0.0109 100 100 1
0.0109 100 100 5
0.0109 100 100 10
0.0135 10 10 1
0.0135 10 10 5
0.0135 10 10 10
0.0135 10 50 1
0.0135 10 50 5
0.0135 10 50 10
0.0135 10 100 1
0.0135 10 100 5
0.0135 10 100 10
0.0135 50 10 1
0.0135 50 10 5
0.0135 50 10 10
0.0135 50 50 1
0.0135 50 50 5
0.0135 50 50 10
0.0135 50 100 1
0.0135 50 100 5
0.0135 50 100 10
0.0135 100 10 1
0.0135 100 10 5
0.0135 100 10 10
0.0135 100 50 1
0.0135 100 50 5
0.0135 100 50 10
0.0135 100 100 1
0.0135 100 100 5
0.0135 100 100 10
0.0161 10 10 1
0.0161 10 10 5
0.0161 10 10 10
0.0161 10 50 1
0.0161 10 50 5
0.0161 10 50 10
0.0161 10 100 1
0.0161 10 100 5
0.0161 10 100 10
0.0161 50 10 1
0.0161 50 10 5
0.0161 50 10 10
0.0161 50 50 1
0.0161 50 50 5
0.0161 50 50 10
0.0161 50 100 1
0.0161 50 100 5
0.0161 50 100 10
0.0161 100 10 1
0.0161 100 10 5
0.0161 100 10 10
0.0161 100 50 1
0.0161 100 50 5
0.0161 100 50 10
0.0161 100 100 1
0.0161 100 100 5
0.0161 100 100 10
0.0187 10 10 1
0.0187 10 10 5
0.0187 10 10 10
0.0187 10 50 1
0.0187 10 50 5
0.0187 10 50 10
0.0187 10 100 1
0.0187 10 100 5
0.0187 10 100 10
0.0187 50 10 1
0.0187 50 10 5
0.0187 50 10 10
0.0187 50 50 1
0.0187 50 50 5
0.0187 50 50 10
0.0187 50 100 1
0.0187 50 100 5
0.0187 50 100 10
0.0187 100 10 1
0.0187 100 10 5
0.0187 100 10 10
0.0187 100 50 1
0.0187 100 50 5
0.0187 100 50 10
0.0187 100 100 1
0.0187 100 100 5
0.0187 100 100 10
0.0213 10 10 1
0.0213 10 10 5
0.0213 10 10 10
0.0213 10 50 1
0.0213 10 50 5
0.0213 10 50 10
0.0213 10 100 1
0.0213 10 100 5
0.0213 10 100 10
0.0213 50 10 1
0.0213 50 10 5
0.0213 50 10 10
0.0213 50 50 1
0.0213 50 50 5
0.0213 50 50 10
0.0213 50 100 1
0.0213 50 100 5
0.0213 50 100 10
0.0213 100 10 1
0.0213 100 10 5
0.0213 100 10 10
0.0213 100 50 1
0.0213 100 50 5
0.0213 100 50 10
0.0213 100 100 1
0.0213 100 100 5
0.0213 100 100 10
0.0239 10 10 1
0.0239 10 10 5
0.0239 10 10 10
0.0239 10 50 1
0.0239 10 50 5
0.0239 10 50 10
0.0239 10 100 1
0.0239 10 100 5
0.0239 10 100 10
0.0239 50 10 1
0.0239 50 10 5
0.0239 50 10 10
0.0239 50 50 1
0.0239 50 50 5
0.0239 50 50 10
0.0239 50 100 1
0.0239 50 100 5
0.0239 50 100 10
0.0239 100 10 1
0.0239 100 10 5
0.0239 100 10 10
0.0239 100 50 1
0.0239 100 50 5
0.0239 100 50 10
0.0239 100 100 1
0.0239 100 100 5
0.0239 100 100 10
0.0266 10 10 1
0.0266 10 10 5
0.0266 10 10 10
0.0266 10 50 1
0.0266 10 50 5
0.0266 10 50 10
0.0266 10 100 1
0.0266 10 100 5
0.0266 10 100 10
0.0266 50 10 1
0.0266 50 10 5
0.0266 50 10 10
0.0266 50 50 1
0.0266 50 50 5
0.0266 50 50 10
0.0266 50 100 1
0.0266 50 100 5
0.0266 50 100 10
0.0266 100 10 1
0.0266 100 10 5
0.0266 100 10 10
0.0266 100 50 1
0.0266 100 50 5
0.0266 100 50 10
0.0266 100 100 1
0.0266 100 100 5
0.0266 100 100 10
