0.0001 10 1
0.0001 10 5
0.0001 50 1
0.0001 50 5
0.0001 100 1
0.0001 100 5
0.0031 10 1
0.0031 10 5
0.0031 50 1
0.0031 50 5
0.0031 100 1
0.0031 100 5
0.0057 10 1
0.0057 10 5
0.0057 50 1
0.0057 50 5
0.0057 100 1
0.0057 100 5
0.0083 10 1
0.0083 10 5
0.0083 50 1
0.0083 50 5
0.0083 100 1
0.0083 100 5
0.0109 10 1
0.0109 10 5
0.0109 50 1
0.0109 50 5
0.0109 100 1
0.0109 100 5
0.0135 10 1
0.0135 10 5
0.0135 50 1
0.0135 50 5
0.0135 100 1
0.0135 100 5
0.0161 10 1
0.0161 10 5
0.0161 50 1
0.0161 50 5
0.0161 100 1
0.0161 100 5
0.0187 10 1
0.0187 10 5
0.0187 50 1
0.0187 50 5
0.0187 100 1
0.0187 100 5
0.0213 10 1
0.0213 10 5
0.0213 50 1
0.0213 50 5
0.0213 100 1
0.0213 100 5
0.0239 10 1
0.0239 10 5
0.0239 50 1
0.0239 50 5
0.0239 100 1
0.0239 100 5
0.0266 10 1
0.0266 10 5
0.0266 50 1
0.0266 50 5
0.0266 100 1
0.0266 100 5
0.0292 10 1
0.0292 10 5
0.0292 50 1
0.0292 50 5
0.0292 100 1
0.0292 100 5
0.0318 10 1
0.0318 10 5
0.0318 50 1
0.0318 50 5
0.0318 100 1
0.0318 100 5
0.0344 10 1
0.0344 10 5
0.0344 50 1
0.0344 50 5
0.0344 100 1
0.0344 100 5
0.002 10 1
0.002 10 5
0.002 50 1
0.002 50 5
0.002 100 1
0.002 100 5
0.001 10 1
0.001 10 5
0.001 50 1
0.001 50 5
0.001 100 1
0.001 100 5
0.0008 10 1
0.0008 10 5
0.0008 50 1
0.0008 50 5
0.0008 100 1
0.0008 100 5
0.0006 10 1
0.0006 10 5
0.0006 50 1
0.0006 50 5
0.0006 100 1
0.0006 100 5
0.0004 10 1
0.0004 10 5
0.0004 50 1
0.0004 50 5
0.0004 100 1
0.0004 100 5
0.0002 10 1
0.0002 10 5
0.0002 50 1
0.0002 50 5
0.0002 100 1
0.0002 100 5
