0.0005 10 0.1
0.0005 10 0.5
0.0005 10 1
0.0005 10 5
0.0005 10 10
0.0005 10 50
0.0005 50 0.1
0.0005 50 0.5
0.0005 50 1
0.0005 50 5
0.0005 50 10
0.0005 50 50
0.0005 100 0.1
0.0005 100 0.5
0.0005 100 1
0.0005 100 5
0.0005 100 10
0.0005 100 50
0.0005 500 0.1
0.0005 500 0.5
0.0005 500 1
0.0005 500 5
0.0005 500 10
0.0005 500 50
0.0031 10 0.1
0.0031 10 0.5
0.0031 10 1
0.0031 10 5
0.0031 10 10
0.0031 10 50
0.0031 50 0.1
0.0031 50 0.5
0.0031 50 1
0.0031 50 5
0.0031 50 10
0.0031 50 50
0.0031 100 0.1
0.0031 100 0.5
0.0031 100 1
0.0031 100 5
0.0031 100 10
0.0031 100 50
0.0031 500 0.1
0.0031 500 0.5
0.0031 500 1
0.0031 500 5
0.0031 500 10
0.0031 500 50
0.0057 10 0.1
0.0057 10 0.5
0.0057 10 1
0.0057 10 5
0.0057 10 10
0.0057 10 50
0.0057 50 0.1
0.0057 50 0.5
0.0057 50 1
0.0057 50 5
0.0057 50 10
0.0057 50 50
0.0057 100 0.1
0.0057 100 0.5
0.0057 100 1
0.0057 100 5
0.0057 100 10
0.0057 100 50
0.0057 500 0.1
0.0057 500 0.5
0.0057 500 1
0.0057 500 5
0.0057 500 10
0.0057 500 50
0.0083 10 0.1
0.0083 10 0.5
0.0083 10 1
0.0083 10 5
0.0083 10 10
0.0083 10 50
0.0083 50 0.1
0.0083 50 0.5
0.0083 50 1
0.0083 50 5
0.0083 50 10
0.0083 50 50
0.0083 100 0.1
0.0083 100 0.5
0.0083 100 1
0.0083 100 5
0.0083 100 10
0.0083 100 50
0.0083 500 0.1
0.0083 500 0.5
0.0083 500 1
0.0083 500 5
0.0083 500 10
0.0083 500 50
0.0109 10 0.1
0.0109 10 0.5
0.0109 10 1
0.0109 10 5
0.0109 10 10
0.0109 10 50
0.0109 50 0.1
0.0109 50 0.5
0.0109 50 1
0.0109 50 5
0.0109 50 10
0.0109 50 50
0.0109 100 0.1
0.0109 100 0.5
0.0109 100 1
0.0109 100 5
0.0109 100 10
0.0109 100 50
0.0109 500 0.1
0.0109 500 0.5
0.0109 500 1
0.0109 500 5
0.0109 500 10
0.0109 500 50
0.0135 10 0.1
0.0135 10 0.5
0.0135 10 1
0.0135 10 5
0.0135 10 10
0.0135 10 50
0.0135 50 0.1
0.0135 50 0.5
0.0135 50 1
0.0135 50 5
0.0135 50 10
0.0135 50 50
0.0135 100 0.1
0.0135 100 0.5
0.0135 100 1
0.0135 100 5
0.0135 100 10
0.0135 100 50
0.0135 500 0.1
0.0135 500 0.5
0.0135 500 1
0.0135 500 5
0.0135 500 10
0.0135 500 50
0.0161 10 0.1
0.0161 10 0.5
0.0161 10 1
0.0161 10 5
0.0161 10 10
0.0161 10 50
0.0161 50 0.1
0.0161 50 0.5
0.0161 50 1
0.0161 50 5
0.0161 50 10
0.0161 50 50
0.0161 100 0.1
0.0161 100 0.5
0.0161 100 1
0.0161 100 5
0.0161 100 10
0.0161 100 50
0.0161 500 0.1
0.0161 500 0.5
0.0161 500 1
0.0161 500 5
0.0161 500 10
0.0161 500 50
0.0187 10 0.1
0.0187 10 0.5
0.0187 10 1
0.0187 10 5
0.0187 10 10
0.0187 10 50
0.0187 50 0.1
0.0187 50 0.5
0.0187 50 1
0.0187 50 5
0.0187 50 10
0.0187 50 50
0.0187 100 0.1
0.0187 100 0.5
0.0187 100 1
0.0187 100 5
0.0187 100 10
0.0187 100 50
0.0187 500 0.1
0.0187 500 0.5
0.0187 500 1
0.0187 500 5
0.0187 500 10
0.0187 500 50
0.0213 10 0.1
0.0213 10 0.5
0.0213 10 1
0.0213 10 5
0.0213 10 10
0.0213 10 50
0.0213 50 0.1
0.0213 50 0.5
0.0213 50 1
0.0213 50 5
0.0213 50 10
0.0213 50 50
0.0213 100 0.1
0.0213 100 0.5
0.0213 100 1
0.0213 100 5
0.0213 100 10
0.0213 100 50
0.0213 500 0.1
0.0213 500 0.5
0.0213 500 1
0.0213 500 5
0.0213 500 10
0.0213 500 50
0.0239 10 0.1
0.0239 10 0.5
0.0239 10 1
0.0239 10 5
0.0239 10 10
0.0239 10 50
0.0239 50 0.1
0.0239 50 0.5
0.0239 50 1
0.0239 50 5
0.0239 50 10
0.0239 50 50
0.0239 100 0.1
0.0239 100 0.5
0.0239 100 1
0.0239 100 5
0.0239 100 10
0.0239 100 50
0.0239 500 0.1
0.0239 500 0.5
0.0239 500 1
0.0239 500 5
0.0239 500 10
0.0239 500 50
0.0266 10 0.1
0.0266 10 0.5
0.0266 10 1
0.0266 10 5
0.0266 10 10
0.0266 10 50
0.0266 50 0.1
0.0266 50 0.5
0.0266 50 1
0.0266 50 5
0.0266 50 10
0.0266 50 50
0.0266 100 0.1
0.0266 100 0.5
0.0266 100 1
0.0266 100 5
0.0266 100 10
0.0266 100 50
0.0266 500 0.1
0.0266 500 0.5
0.0266 500 1
0.0266 500 5
0.0266 500 10
0.0266 500 50
0.0292 10 0.1
0.0292 10 0.5
0.0292 10 1
0.0292 10 5
0.0292 10 10
0.0292 10 50
0.0292 50 0.1
0.0292 50 0.5
0.0292 50 1
0.0292 50 5
0.0292 50 10
0.0292 50 50
0.0292 100 0.1
0.0292 100 0.5
0.0292 100 1
0.0292 100 5
0.0292 100 10
0.0292 100 50
0.0292 500 0.1
0.0292 500 0.5
0.0292 500 1
0.0292 500 5
0.0292 500 10
0.0292 500 50
0.0318 10 0.1
0.0318 10 0.5
0.0318 10 1
0.0318 10 5
0.0318 10 10
0.0318 10 50
0.0318 50 0.1
0.0318 50 0.5
0.0318 50 1
0.0318 50 5
0.0318 50 10
0.0318 50 50
0.0318 100 0.1
0.0318 100 0.5
0.0318 100 1
0.0318 100 5
0.0318 100 10
0.0318 100 50
0.0318 500 0.1
0.0318 500 0.5
0.0318 500 1
0.0318 500 5
0.0318 500 10
0.0318 500 50
0.0344 10 0.1
0.0344 10 0.5
0.0344 10 1
0.0344 10 5
0.0344 10 10
0.0344 10 50
0.0344 50 0.1
0.0344 50 0.5
0.0344 50 1
0.0344 50 5
0.0344 50 10
0.0344 50 50
0.0344 100 0.1
0.0344 100 0.5
0.0344 100 1
0.0344 100 5
0.0344 100 10
0.0344 100 50
0.0344 500 0.1
0.0344 500 0.5
0.0344 500 1
0.0344 500 5
0.0344 500 10
0.0344 500 50
0.037 10 0.1
0.037 10 0.5
0.037 10 1
0.037 10 5
0.037 10 10
0.037 10 50
0.037 50 0.1
0.037 50 0.5
0.037 50 1
0.037 50 5
0.037 50 10
0.037 50 50
0.037 100 0.1
0.037 100 0.5
0.037 100 1
0.037 100 5
0.037 100 10
0.037 100 50
0.037 500 0.1
0.037 500 0.5
0.037 500 1
0.037 500 5
0.037 500 10
0.037 500 50
0.0396 10 0.1
0.0396 10 0.5
0.0396 10 1
0.0396 10 5
0.0396 10 10
0.0396 10 50
0.0396 50 0.1
0.0396 50 0.5
0.0396 50 1
0.0396 50 5
0.0396 50 10
0.0396 50 50
0.0396 100 0.1
0.0396 100 0.5
0.0396 100 1
0.0396 100 5
0.0396 100 10
0.0396 100 50
0.0396 500 0.1
0.0396 500 0.5
0.0396 500 1
0.0396 500 5
0.0396 500 10
0.0396 500 50
0.0422 10 0.1
0.0422 10 0.5
0.0422 10 1
0.0422 10 5
0.0422 10 10
0.0422 10 50
0.0422 50 0.1
0.0422 50 0.5
0.0422 50 1
0.0422 50 5
0.0422 50 10
0.0422 50 50
0.0422 100 0.1
0.0422 100 0.5
0.0422 100 1
0.0422 100 5
0.0422 100 10
0.0422 100 50
0.0422 500 0.1
0.0422 500 0.5
0.0422 500 1
0.0422 500 5
0.0422 500 10
0.0422 500 50
0.0448 10 0.1
0.0448 10 0.5
0.0448 10 1
0.0448 10 5
0.0448 10 10
0.0448 10 50
0.0448 50 0.1
0.0448 50 0.5
0.0448 50 1
0.0448 50 5
0.0448 50 10
0.0448 50 50
0.0448 100 0.1
0.0448 100 0.5
0.0448 100 1
0.0448 100 5
0.0448 100 10
0.0448 100 50
0.0448 500 0.1
0.0448 500 0.5
0.0448 500 1
0.0448 500 5
0.0448 500 10
0.0448 500 50
0.001 10 0.1
0.001 10 0.5
0.001 10 1
0.001 10 5
0.001 10 10
0.001 10 50
0.001 50 0.1
0.001 50 0.5
0.001 50 1
0.001 50 5
0.001 50 10
0.001 50 50
0.001 100 0.1
0.001 100 0.5
0.001 100 1
0.001 100 5
0.001 100 10
0.001 100 50
0.001 500 0.1
0.001 500 0.5
0.001 500 1
0.001 500 5
0.001 500 10
0.001 500 50
0.00075 10 0.1
0.00075 10 0.5
0.00075 10 1
0.00075 10 5
0.00075 10 10
0.00075 10 50
0.00075 50 0.1
0.00075 50 0.5
0.00075 50 1
0.00075 50 5
0.00075 50 10
0.00075 50 50
0.00075 100 0.1
0.00075 100 0.5
0.00075 100 1
0.00075 100 5
0.00075 100 10
0.00075 100 50
0.00075 500 0.1
0.00075 500 0.5
0.00075 500 1
0.00075 500 5
0.00075 500 10
0.00075 500 50
