sim rep samples_pop1 samples_pop2 read_depth fst ne_pop1 acc_pop1 ne_pop2 acc_pop2
1 1 10 10 1 0.02233 2.3227556 1 2.299808 1
2 1 10 10 5 0.01967 7.1059875 1 6.982331 1
3 1 10 10 10 0.01963 8.088662 1 7.987453 1
5 1 10 50 5 0.01964 6.4627295 1 42.70836 0.98
4 1 10 50 1 0.01737 2.2431695 0.5 17.681593 1
28 1 10 10 1 0.01334 2.3246136 1 2.3238726 1
30 1 10 10 10 0.01183 8.106572 1 8.187267 0.9
6 1 10 50 10 0.02053 7.420113 1 48.464554 1
12 1 50 10 10 0.01922 48.411674 1 7.5069623 1
1 2 10 10 1 0.01812 2.2968276 1 2.3286638 1
29 1 10 10 5 0.00558 7.2300987 0.8 7.279028 0.9
2 2 10 10 5 0.01821 7.0452776 1 7.060227 1
3 2 10 10 10 0.01994 8.021701 1 7.995701 1
11 1 50 10 5 0.01939 42.7069 1 6.625198 1
10 1 50 10 1 0.01639 17.686453 1 2.2520201 0.4
13 1 50 50 1 0.01886 16.810549 1 16.836567 1
14 1 50 50 5 0.02246 41.331974 1 41.0745 1
15 1 50 50 10 0.02108 47.26588 0.96 47.434647 1
20 1 100 10 5 0.01819 85.76469 1 6.408989 1
8 1 10 100 5 0.01777 6.4987936 0.9 85.68171 1
28 2 10 10 1 0.01326 2.3338323 1 2.3110545 1
30 2 10 10 10 0.00778 8.279493 0.9 8.283615 1
1 3 10 10 1 0.0203 2.293878 1 2.3108118 0.9
2 3 10 10 5 0.01993 6.892085 1 7.036146 1
29 2 10 10 5 0.01207 7.1818514 1 7.107303 1
3 3 10 10 10 0.01914 8.041693 1 8.033368 1
7 1 10 100 1 0.01682 2.2466223 0 36.329777 1
32 1 10 50 5 0.01072 6.76099 0.8 42.80938 1
21 1 100 10 10 0.01932 97.03382 1 7.33353 1
33 1 10 50 10 0.01128 7.777981 0.9 48.49735 1
31 1 10 50 1 0.01135 2.3033519 0 17.671436 1
17 1 50 100 5 0.01993 40.156563 1 85.1363 1
5 2 10 50 5 0.01979 6.5384617 1 42.74757 1
4 2 10 50 1 0.02201 2.2155344 0.6 17.61393 1
6 2 10 50 10 0.02095 7.2280617 1 48.443016 1
16 1 50 100 1 0.01738 16.42746 0.98 35.86173 0.99
12 2 50 10 10 0.01653 48.46169 1 7.537367 0.9
9 1 10 100 10 0.01687 7.275701 1 97.03366 1
28 3 10 10 1 0.00874 2.3609145 1 2.3549154 0.9
18 1 50 100 10 0.01981 46.2319 1 96.54919 1
34 1 10 100 1 0.00929 2.3276868 0 36.313625 1
19 1 100 10 1 0.01492 36.323265 1 2.2152967 0
1 4 10 10 1 0.02063 2.3267574 0.9 2.309936 1
2 4 10 10 5 0.02062 6.9324512 1 7.071956 1
30 3 10 10 10 0.00966 8.265099 1 8.246737 0.9
29 3 10 10 5 0.01173 7.2003555 1 7.0490355 1
3 4 10 10 10 0.01374 8.182803 1 8.241194 0.9
36 1 10 100 10 0.01021 7.7840385 0.6 97.03036 1
37 1 50 10 1 0.01253 17.693266 1 2.263464 0.1
11 2 50 10 5 0.02109 42.685604 1 6.3482294 1
35 1 10 100 5 0.0124 6.738445 0.5 85.72433 1
24 1 100 50 10 0.01847 96.89227 0.99 46.62545 0.98
23 1 100 50 5 0.02154 85.19641 1 40.07289 0.98
13 2 50 50 1 0.01806 16.89233 1 16.88247 1
10 2 50 10 1 0.01858 17.643026 1 2.199669 0.5
22 1 100 50 1 0.02034 35.687042 1 16.245604 0.98
39 1 50 10 10 0.01182 48.48653 1 7.785406 0.9
28 4 10 10 1 0.00974 2.320534 0.9 2.3737717 1
1 5 10 10 1 0.01503 2.3275213 0.9 2.311217 1
2 5 10 10 5 0.02192 6.946189 1 6.9806685 1
30 4 10 10 10 0.00787 8.250782 0.9 8.175551 1
32 2 10 50 5 0.01007 6.911445 0.8 42.795067 1
14 2 50 50 5 0.01973 41.114315 1 41.290844 0.98
38 1 50 10 5 0.01022 42.81195 1 6.8328958 0.8
29 4 10 10 5 0.00533 7.211385 1 7.3471274 0.9
3 5 10 10 10 0.01727 8.039419 1 7.9725933 1
33 2 10 50 10 0.01009 7.7195673 0.9 48.497765 1
5 3 10 50 5 0.01898 6.331426 1 42.700085 1
15 2 50 50 10 0.01965 47.415516 1 47.304314 1
4 3 10 50 1 0.01541 2.2461085 0.5 17.655363 1
6 3 10 50 10 0.01591 7.522032 1 48.487465 1
25 1 100 100 1 0.02126 34.927914 1 35.00089 1
31 2 10 50 1 0.00767 2.335959 0 17.736635 1
27 1 100 100 10 0.01871 95.62529 1 95.87488 0.99
40 1 50 50 1 0.01116 17.212286 1 17.27102 0.96
12 3 50 10 10 0.01755 48.488815 1 7.6249714 1
8 2 10 100 5 0.01468 6.573114 0.8 85.7133 1
20 2 100 10 5 0.01869 85.68346 1 6.4554667 0.9
21 2 100 10 10 0.02261 97.05161 1 7.1416793 1
28 5 10 10 1 0.01139 2.3207679 1 2.351345 0.9
26 1 100 100 5 0.01855 84.20737 1 84.50132 0.99
30 5 10 10 10 0.01237 8.156771 1 8.22302 1
41 1 50 50 5 0.01054 42.20046 0.98 42.059196 0.98
37 2 50 10 1 0.01329 17.71622 1 2.3100436 0.1
29 5 10 10 5 0.01114 7.1217804 1 7.1883492 0.9
7 2 10 100 1 0.01725 2.1792054 0.1 36.31453 1
11 3 50 10 5 0.02331 42.73997 1 6.432189 1
34 2 10 100 1 0.00792 2.2985055 0 36.288315 1
39 2 50 10 10 0.00973 48.49794 1 7.8935094 0.7
32 3 10 50 5 0.00835 6.9025874 0.8 42.776245 1
17 2 50 100 5 0.01897 40.47579 0.98 85.0651 0.99
5 4 10 50 5 0.02285 6.4904675 1 42.72025 1
36 2 10 100 10 0.00985 7.7672706 0.6 97.01395 1
13 3 50 50 1 0.01876 16.960304 1 16.871058 1
4 4 10 50 1 0.02046 2.1806679 0.9 17.662971 1
10 3 50 10 1 0.01735 17.66614 1 2.2351115 0.4
33 3 10 50 10 0.01028 7.80688 0.8 48.50753 1
35 2 10 100 5 0.01114 6.799764 0.6 85.69896 1
6 4 10 50 10 0.01829 7.555426 0.9 48.45165 1
16 2 50 100 1 0.02096 16.024221 1 35.683067 1
38 2 50 10 5 0.00966 42.76933 1 6.910426 0.7
12 4 50 10 10 0.02231 48.4592 1 7.29369 1
9 2 10 100 10 0.02069 7.2654 1 97.04349 1
31 3 10 50 1 0.01005 2.3282373 0 17.691278 1
14 3 50 50 5 0.02221 41.396404 1 40.933434 1
18 2 50 100 10 0.01934 46.029705 1 96.78881 0.99
19 2 100 10 1 0.01609 36.294346 1 2.2199514 0
15 3 50 50 10 0.01901 47.291664 1 47.215897 0.98
24 2 100 50 10 0.01832 96.70908 1 46.27897 1
40 2 50 50 1 0.01079 17.21898 0.98 17.147245 1
23 2 100 50 5 0.01835 85.39494 0.99 40.449146 1
37 3 50 10 1 0.01057 17.712872 1 2.3121228 0
42 1 50 50 10 0.01203 47.99747 0.98 47.839615 1
8 3 10 100 5 0.02194 6.250442 1 85.74652 0.99
20 3 100 10 5 0.02111 85.72415 1 6.283348 1
21 3 100 10 10 0.02125 97.04128 1 7.2729087 1
11 4 50 10 5 0.02055 42.692333 1 6.476977 1
39 3 50 10 10 0.0081 48.508854 0.98 7.946214 0.7
32 4 10 50 5 0.01071 6.826953 0.7 42.798584 1
5 5 10 50 5 0.02068 6.4728594 1 42.7748 1
22 2 100 50 1 0.02112 35.76583 1 16.284132 0.96
41 2 50 50 5 0.01221 41.94564 0.98 42.084305 1
4 5 10 50 1 0.02033 2.2288532 0.7 17.620127 1
33 4 10 50 10 0.0127 7.896919 0.8 48.48967 0.98
6 5 10 50 10 0.02866 7.0406313 1 48.379414 1
34 3 10 100 1 0.01152 2.2737286 0 36.317253 1
44 1 50 100 5 0.01068 41.61017 0.96 85.49507 0.98
12 5 50 10 10 0.01556 48.474586 1 7.494474 1
7 3 10 100 1 0.01769 2.2247012 0 36.31189 1
43 1 50 100 1 0.01039 16.91307 0.96 36.038536 0.99
13 4 50 50 1 0.02309 16.682804 1 16.689602 0.98
38 3 50 10 5 0.01635 42.77663 1 6.571723 1
10 4 50 10 1 0.02204 17.638205 1 2.188055 0.9
31 4 10 50 1 0.01224 2.2701492 0.1 17.711113 1
36 3 10 100 10 0.00861 7.8716345 0.6 97.02195 1
25 2 100 100 1 0.02037 34.940147 0.99 34.970535 0.98
35 3 10 100 5 0.00915 6.721407 0.4 85.68702 1
14 4 50 50 5 0.02166 41.040638 1 41.07799 1
27 2 100 100 10 0.01982 96.01635 0.99 96.05001 0.99
37 4 50 10 1 0.01153 17.664162 1 2.2698448 0
17 3 50 100 5 0.01729 40.729298 0.96 85.27037 1
32 5 10 50 5 0.01382 6.71806 0.9 42.77705 1
15 4 50 50 10 0.01947 47.04846 1 47.09207 1
11 5 50 10 5 0.02387 42.71215 1 6.420597 0.9
39 4 50 10 10 0.01277 48.49306 1 7.7833924 1
40 3 50 50 1 0.01092 17.200169 1 17.211344 1
42 2 50 50 10 0.01194 47.85498 0.98 47.84603 1
47 1 100 10 5 0.00996 85.77869 1 6.7862377 0.4
16 3 50 100 1 0.01789 16.322 1 35.729206 1
33 5 10 50 10 0.01044 7.8156767 0.7 48.507534 1
46 1 100 10 1 0.01418 36.323925 1 2.2720308 0.1
48 1 100 10 10 0.00859 97.0435 1 7.743165 0.5
21 4 100 10 10 0.02056 97.04503 1 7.291161 1
9 3 10 100 10 0.01928 7.4111614 1 97.04508 1
20 4 100 10 5 0.01984 85.74245 1 6.384828 1
8 4 10 100 5 0.01802 6.466201 0.9 85.75453 1
41 3 50 50 5 0.01083 42.158047 1 41.992596 1
45 1 50 100 10 0.01146 47.21454 0.98 96.96526 1
31 5 10 50 1 0.01208 2.2896361 0 17.718477 1
34 4 10 100 1 0.01007 2.2931585 0 36.32387 1
26 2 100 100 5 0.02124 83.96215 1 84.04787 0.99
24 3 100 50 10 0.01967 96.66629 1 46.21749 0.98
38 4 50 10 5 0.01267 42.78601 1 6.7072325 0.8
13 5 50 50 1 0.01917 16.91398 0.98 16.887127 1
18 3 50 100 10 0.02047 45.485004 1 96.80147 1
23 3 100 50 5 0.01972 85.1828 0.99 40.320477 0.98
10 5 50 10 1 0.01569 17.695898 1 2.2422276 0.4
19 3 100 10 1 0.02445 36.34141 1 2.1956768 0.3
49 1 100 50 1 0.01007 36.03092 1 16.817577 0.98
37 5 50 10 1 0.00982 17.688112 1 2.3389027 0
44 2 50 100 5 0.00994 41.67125 0.98 85.54932 0.99
7 4 10 100 1 0.01612 2.21494 0 36.31362 1
39 5 50 10 10 0.0114 48.501114 1 7.784648 0.7
36 4 10 100 10 0.01042 7.773802 0.6 97.04033 1
55 1 10 10 1 0.00867 2.3329039 1 2.3276403 1
14 5 50 50 5 0.02265 41.115597 1 41.055218 1
22 3 100 50 1 0.01936 35.752926 1 16.266397 1
43 2 50 100 1 0.01058 16.876781 0.94 36.048576 0.99
56 1 10 10 5 0.00639 7.3071494 1 7.292651 1
35 4 10 100 5 0.01034 6.768147 0.5 85.733 1
57 1 10 10 10 0.00695 8.336149 0.9 8.337157 0.9
42 3 50 50 10 0.01085 47.920883 1 48.011795 1
51 1 100 50 10 0.01034 97.01155 0.98 47.30337 0.98
40 4 50 50 1 0.012 17.164938 1 17.17792 1
15 5 50 50 10 0.0175 47.23497 1 47.01709 1
50 1 100 50 5 0.01104 85.55129 0.99 41.412144 0.98
58 1 10 50 1 0.00653 2.3595316 0 17.722527 1
47 2 100 10 5 0.01213 85.73811 1 6.623075 0.8
52 1 100 100 1 0.01025 35.724667 0.99 35.715046 0.98
38 5 50 10 5 0.01065 42.747696 1 6.769678 0.8
21 5 100 10 10 0.02075 97.04 1 7.2503 1
55 2 10 10 1 0.00223 2.366703 0.7 2.36881 0.7
46 2 100 10 1 0.00973 36.301884 1 2.2911904 0
41 4 50 50 5 0.0103 42.24438 0.98 42.166695 0.98
17 4 50 100 5 0.0206 40.343494 0.98 85.1036 1
53 1 100 100 5 0.01036 85.13869 0.99 85.13951 0.99
48 2 100 10 10 0.01308 97.03715 1 7.5814757 0.7
8 5 10 100 5 0.02022 6.35936 1 85.71232 1
34 5 10 100 1 0.01122 2.2887073 0 36.28641 1
20 5 100 10 5 0.02083 85.76083 0.99 6.3251133 0.9
56 2 10 10 5 0.00867 7.2238455 1 7.2182174 0.9
57 2 10 10 10 0.00751 8.211224 1 8.268628 1
60 1 10 50 10 0.0092 7.9410625 0.7 48.49477 1
59 1 10 50 5 0.00654 6.955158 0.2 42.827034 1
16 4 50 100 1 0.02082 16.17215 1 35.655167 1
54 1 100 100 10 0.01134 96.46186 1 96.7848 0.95
25 3 100 100 1 0.0198 34.934753 1 34.979813 1
55 3 10 10 1 0.0072 2.346686 0.8 2.3765104 0.9
27 3 100 100 10 0.02251 95.67303 1 95.61334 1
9 4 10 100 10 0.01831 7.2700214 1 97.04909 1
45 2 50 100 10 0.01424 46.86247 1 96.96148 0.99
64 1 50 10 1 0.00503 17.750786 1 2.3642898 0
24 4 100 50 10 0.02017 96.78777 1 45.950035 1
66 1 50 10 10 0.00688 48.51138 1 8.044792 0.5
65 1 50 10 5 0.00696 42.780346 1 6.9837637 0.5
36 5 10 100 10 0.00809 7.7069273 0.5 97.02331 1
23 4 100 50 5 0.01925 85.25208 1 40.29576 0.98
58 2 10 50 1 0.00685 2.3492606 0 17.721655 1
56 3 10 10 5 0.0104 7.247385 1 7.164235 1
57 3 10 10 10 0.0082 8.344953 1 8.302788 0.8
42 4 50 50 10 0.01244 47.96544 0.98 47.892944 1
7 5 10 100 1 0.01987 2.1972318 0.4 36.30545 1
18 4 50 100 10 0.02177 45.64753 1 96.7884 1
49 2 100 50 1 0.01101 36.010723 1 16.734781 0.94
55 4 10 10 1 0.01153 2.360281 0.9 2.3716018 0.9
44 3 50 100 5 0.00889 41.820564 0.98 85.59666 1
19 4 100 10 1 0.01741 36.31472 1 2.1921487 0.2
40 5 50 50 1 0.01065 17.184267 0.98 17.204203 0.98
35 5 10 100 5 0.01242 6.630915 0.7 85.67354 1
62 1 10 100 5 0.01055 6.728835 0.4 85.71192 1
59 2 10 50 5 0.00733 6.9942975 0.2 42.81049 1
60 2 10 50 10 0.00636 8.073967 0.6 48.50799 1
47 3 100 10 5 0.00697 85.74007 0.99 6.932508 0.2
63 1 10 100 10 0.00893 7.8555183 0.5 97.04615 0.99
61 1 10 100 1 0.00855 2.3351932 0 36.318592 1
67 1 50 50 1 0.00811 17.35858 0.96 17.361713 0.94
43 3 50 100 1 0.01138 16.752857 0.96 36.02404 1
41 5 50 50 5 0.01272 42.05934 0.98 42.091267 1
51 2 100 50 10 0.01222 96.97504 1 46.99997 0.98
68 1 50 50 5 0.00598 42.51411 0.96 42.523315 0.96
55 5 10 10 1 0.00943 2.3465078 1 2.3616211 1
56 4 10 10 5 0.00737 7.1978745 0.9 7.266807 1
57 4 10 10 10 0.00486 8.3957615 0.8 8.364624 0.9
46 3 100 10 1 0.01117 36.325848 1 2.2509844 0
64 2 50 10 1 0.00821 17.698126 1 2.340874 0
69 1 50 50 10 0.0085 48.16556 1 48.1233 0.96
50 2 100 50 5 0.01134 85.52818 1 41.42534 0.98
22 4 100 50 1 0.02052 35.67684 0.99 16.132008 0.98
26 3 100 100 5 0.02007 84.24323 0.98 83.98309 1
66 2 50 10 10 0.00517 48.496094 1 8.01854 0.5
48 3 100 10 10 0.0136 97.03287 1 7.620834 0.5
65 2 50 10 5 0.00831 42.78879 1 6.906984 0.6
58 3 10 50 1 0.00521 2.3709984 0 17.733614 1
17 5 50 100 5 0.01782 40.862976 1 85.20318 1
52 2 100 100 1 0.01187 35.60821 1 35.62866 1
56 5 10 10 5 0.00582 7.3835526 1 7.3538218 0.8
57 5 10 10 10 0.00663 8.313092 1 8.329371 0.9
42 5 50 50 10 0.01063 47.89331 0.98 48.011204 1
16 5 50 100 1 0.02152 16.26127 1 35.682194 1
59 3 10 50 5 0.00737 7.059966 0.3 42.80502 1
60 3 10 50 10 0.01083 7.7739964 1 48.493694 1
83 1 10 10 5 0.00672 7.296124 0.9 7.265349 1
82 1 10 10 1 0.00588 2.3791006 0.8 2.3942726 0.9
53 2 100 100 5 0.01216 85.09003 1 84.97352 0.99
71 1 50 100 5 0.00631 42.09407 0.92 85.64685 0.99
73 1 100 10 1 0.00612 36.306976 1 2.3647506 0
64 3 50 10 1 0.00969 17.676134 1 2.3036718 0.2
45 3 50 100 10 0.01003 47.389355 0.98 96.93418 1
9 5 10 100 10 0.02159 7.1478486 1 97.04601 1
24 5 100 50 10 0.0219 96.63153 1 45.543564 1
54 2 100 100 10 0.01093 96.67557 0.98 96.47305 0.99
67 2 50 50 1 0.00792 17.388527 0.98 17.386742 0.96
74 1 100 10 5 0.00614 85.68927 1 6.9044213 0
75 1 100 10 10 0.00619 97.04679 1 8.010574 0.1
62 2 10 100 5 0.00983 6.7960625 0.3 85.75578 1
66 3 50 10 10 0.00853 48.491264 0.96 7.979388 0.8
70 1 50 100 1 0.00737 17.067556 0.94 36.111404 1
84 1 10 10 10 0.00966 8.279407 1 8.353476 1
76 1 100 50 1 0.0101 36.138355 1 16.948788 0.96
23 5 100 50 5 0.0203 85.2969 0.99 40.12181 1
77 1 100 50 5 0.00879 85.64052 0.98 41.84348 1
65 3 50 10 5 0.00683 42.802536 1 7.0128117 0.3
44 4 50 100 5 0.0115 41.200504 1 85.55324 1
58 4 10 50 1 0.0065 2.355904 0 17.722763 1
49 3 100 50 1 0.01086 36.01915 1 16.82455 0.98
47 4 100 10 5 0.01245 85.72325 1 6.692869 0.6
25 4 100 100 1 0.01929 34.988575 1 35.04339 1
68 2 50 50 5 0.00946 42.348206 0.98 42.234615 0.98
78 1 100 50 10 0.00808 97.01647 0.99 47.954414 0.94
83 2 10 10 5 0.0077 7.375535 0.9 7.211134 1
82 2 10 10 1 0.00581 2.3320863 0.9 2.3651938 0.9
69 2 50 50 10 0.00924 48.156284 1 48.11423 1
72 1 50 100 10 0.00725 47.872646 0.96 96.99526 0.96
18 5 50 100 10 0.02058 46.18589 0.98 96.77708 1
46 4 100 10 1 0.01382 36.2758 1 2.26902 0.1
63 2 10 100 10 0.00964 7.8283596 0.5 97.03749 1
27 4 100 100 10 0.0204 95.82 0.98 96.07065 0.98
19 5 100 10 1 0.02346 36.313465 1 2.1893406 0.5
84 2 10 10 10 0.00578 8.339692 1 8.441316 0.7
59 4 10 50 5 0.00569 7.010605 0.4 42.82457 1
43 4 50 100 1 0.01024 16.845467 0.96 36.03232 1
48 4 100 10 10 0.00885 97.04413 1 7.979721 0.3
60 4 10 50 10 0.00726 8.013642 0.5 48.498695 1
51 3 100 50 10 0.01189 96.92396 1 47.05611 0.98
64 4 50 10 1 0.0085 17.69427 1 2.3529618 0
61 2 10 100 1 0.00898 2.3193452 0.1 36.316475 1
82 3 10 10 1 0.00778 2.3617165 0.8 2.343882 1
83 3 10 10 5 0.00475 7.318365 0.8 7.3212337 0.9
50 3 100 50 5 0.01148 85.56576 1 41.33033 0.98
85 1 10 50 1 0.00931 2.3395004 0 17.706278 1
86 1 10 50 5 0.00582 7.04565 0.4 42.77195 1
66 4 50 10 10 0.00887 48.50039 1 7.8729944 0.7
22 5 100 50 1 0.01909 35.83072 1 16.23014 1
58 5 10 50 1 0.00704 2.359921 0.1 17.680803 1
65 4 50 10 5 0.00875 42.824703 1 6.9528146 0.5
87 1 10 50 10 0.00637 8.077797 0.5 48.498165 1
84 3 10 10 10 0.0023 8.469758 0.7 8.52383 0.7
67 3 50 50 1 0.00894 17.22401 1 17.300209 0.98
80 1 100 100 5 0.00693 85.39217 0.97 85.31875 0.99
73 2 100 10 1 0.00744 36.313442 1 2.3393672 0
82 4 10 10 1 0.00434 2.3550804 0.6 2.3766239 0.8
83 4 10 10 5 0.00426 7.3289905 0.8 7.391212 0.8
92 1 50 10 5 0.00386 42.737114 1 7.152746 0.1
79 1 100 100 1 0.00875 35.87111 0.98 35.796284 0.98
62 3 10 100 5 0.00622 6.9573617 0.1 85.70958 1
91 1 50 10 1 0.0063 17.710482 1 2.3731236 0
89 1 10 100 5 0.00514 7.0247254 0.1 85.73935 1
81 1 100 100 10 0.00706 96.91429 0.98 96.9715 0.98
93 1 50 10 10 0.00577 48.504345 0.96 8.041231 0.3
68 3 50 50 5 0.00639 42.429546 0.98 42.494293 0.94
52 3 100 100 1 0.01057 35.638542 0.98 35.728886 0.99
71 2 50 100 5 0.00718 42.11829 0.94 85.59306 0.98
59 5 10 50 5 0.00827 6.9656057 0.4 42.7914 0.98
60 5 10 50 10 0.00616 8.034421 0.5 48.50112 1
69 3 50 50 10 0.00795 48.275196 0.96 48.19819 1
64 5 50 10 1 0.00789 17.719364 1 2.3521209 0
88 1 10 100 1 0.00653 2.3633842 0 36.32192 1
75 2 100 10 10 0.00793 97.05365 1 7.850098 0.4
74 2 100 10 5 0.0058 85.70822 0.99 7.0137925 0.1
47 5 100 10 5 0.01268 85.67762 1 6.665155 0.6
45 4 50 100 10 0.00976 47.51496 0.96 96.96181 1
84 4 10 10 10 0.00381 8.526003 0.9 8.414698 0.8
85 2 10 50 1 0.00566 2.383486 0 17.729172 1
86 2 10 50 5 0.00797 7.0121236 0.5 42.798275 1
82 5 10 10 1 0.00818 2.3538213 1 2.3547378 0.9
95 1 50 50 5 0.00571 42.5338 0.96 42.56427 0.92
46 5 100 10 1 0.01364 36.32583 1 2.2924314 0
26 4 100 100 5 0.01882 84.08153 0.98 84.18776 0.99
76 2 100 50 1 0.0073 36.135784 1 17.205194 0.82
44 5 50 100 5 0.01108 41.595737 0.96 85.48408 0.99
66 5 50 10 10 0.0069 48.51225 1 7.98264 0.6
83 5 10 10 5 0.00638 7.288069 0.8 7.2480884 1
77 2 100 50 5 0.00621 85.59362 0.97 42.02298 0.9
49 4 100 50 1 0.01114 36.060204 1 16.862656 0.96
53 3 100 100 5 0.01184 84.87938 0.99 84.98497 0.98
63 3 10 100 10 0.00962 7.9505587 0.6 97.06072 1
90 1 10 100 10 0.00637 8.067083 0.1 97.03815 1
65 5 50 10 5 0.00761 42.83133 1 6.999417 0.6
70 2 50 100 1 0.00817 17.002214 0.92 36.114296 1
54 3 100 100 10 0.01093 96.59861 1 96.73129 0.99
94 1 50 50 1 0.00579 17.419453 0.94 17.47588 0.98
96 1 50 50 10 0.00593 48.28149 0.92 48.234707 0.98
78 2 100 50 10 0.00705 96.99569 1 47.88645 0.94
48 5 100 10 10 0.01238 97.04277 1 7.5743895 0.9
72 2 50 100 10 0.00732 47.92788 0.98 97.01324 1
87 2 10 50 10 0.00552 8.015397 0.5 48.50191 0.98
84 5 10 10 10 0.00509 8.406184 0.9 8.532178 0.8
67 4 50 50 1 0.00858 17.307178 1 17.31842 1
92 2 50 10 5 0.00556 42.774025 1 7.0489707 0.2
91 2 50 10 1 0.00744 17.697237 1 2.3537397 0
51 4 100 50 10 0.0103 96.95528 0.99 47.311394 1
43 5 50 100 1 0.01014 16.992695 0.92 36.043488 1
93 2 50 10 10 0.00478 48.522495 1 8.180187 0.2
85 3 10 50 1 0.00301 2.3910093 0 17.721766 1
50 4 100 50 5 0.01053 85.53759 0.99 41.53569 0.98
25 5 100 100 1 0.0206 34.96271 1 34.88347 1
110 1 10 10 5 0.0033 7.358579 0.8 7.371816 0.7
111 1 10 10 10 0.00524 8.467601 0.7 8.386601 0.8
109 1 10 10 1 0.00692 2.3662057 0.8 2.3758597 0.9
86 3 10 50 5 0.00635 6.952463 0.5 42.799873 1
100 1 100 10 1 0.00641 36.31179 1 2.354949 0
73 3 100 10 1 0.00752 36.311096 1 2.3432336 0
68 4 50 50 5 0.00684 42.45182 0.92 42.455284 0.98
61 3 10 100 1 0.01034 2.308971 0 36.314594 1
62 4 10 100 5 0.00563 7.0027237 0 85.67243 1
97 1 50 100 1 0.00564 17.261082 0.8 36.18328 1
89 2 10 100 5 0.00595 6.9434156 0.2 85.70027 1
27 5 100 100 10 0.02296 95.09792 0.99 95.23595 1
69 4 50 50 10 0.00752 48.132454 1 48.24284 1
101 1 100 10 5 0.00504 85.71394 1 7.1047974 0
102 1 100 10 10 0.00129 97.05253 0.99 8.339155 0
98 1 50 100 5 0.00558 42.21591 0.88 85.58336 0.99
99 1 50 100 10 0.00522 48.07777 0.94 97.02363 0.99
112 1 10 50 1 0.0064 2.370562 0 17.721079 1
111 2 10 10 10 0.00853 8.253241 0.9 8.162539 0.9
110 2 10 10 5 0.00449 7.3297725 0.8 7.41519 0.6
109 2 10 10 1 0.00456 2.3821194 0.8 2.352352 0.8
95 2 50 50 5 0.00574 42.52249 0.98 42.524956 0.98
92 3 50 10 5 0.00665 42.794563 1 7.024224 0.5
75 3 100 10 10 0.00736 97.03891 1 7.9521875 0.3
74 3 100 10 5 0.00673 85.73745 1 6.9719462 0.4
88 2 10 100 1 0.00593 2.3762515 0 36.30281 1
96 2 50 50 10 0.00512 48.33741 0.98 48.35726 0.94
87 3 10 50 10 0.00483 8.177725 0.4 48.50395 0.98
71 3 50 100 5 0.00797 41.93706 0.98 85.5616 1
85 4 10 50 1 0.00543 2.3666656 0 17.77594 1
91 3 50 10 1 0.0052 17.706549 1 2.370121 0.1
93 3 50 10 10 0.00701 48.48363 0.98 7.9907346 0.7
45 5 50 100 10 0.01045 47.59404 1 96.95947 1
67 5 50 50 1 0.00829 17.321083 1 17.327047 1
103 1 100 50 1 0.00477 36.214104 1 17.332016 0.7
86 4 10 50 5 0.00889 7.0085306 0.6 42.754524 1
76 3 100 50 1 0.00887 36.104286 1 17.030611 0.9
52 4 100 100 1 0.01052 35.62455 0.97 35.63745 1
90 2 10 100 10 0.00444 8.078662 0.1 97.02809 1
80 2 100 100 5 0.00787 85.30251 0.98 85.33253 0.99
63 4 10 100 10 0.00675 7.9615316 0.4 97.02796 1
49 5 100 50 1 0.01011 36.08087 0.99 16.976807 0.96
77 3 100 50 5 0.00743 85.64357 0.98 42.063686 0.96
94 2 50 50 1 0.00633 17.442728 0.96 17.435535 0.98
119 1 50 10 5 0.00251 42.81456 0.98 7.2106857 0
111 3 10 10 10 0.00565 8.47051 0.8 8.347425 0.9
110 3 10 10 5 0.00345 7.327258 0.7 7.3742213 0.8
113 1 10 50 5 0.00569 7.10798 0.4 42.753616 1
81 2 100 100 10 0.00724 96.88919 1 96.9161 0.93
114 1 10 50 10 0.00308 8.28781 0.1 48.51277 0.98
109 3 10 10 1 0.00092 2.3847456 0.5 2.3897936 0.6
104 1 100 50 5 0.00506 85.63881 1 42.323593 0.86
118 1 50 10 1 0.00256 17.72786 1 2.3947845 0
78 3 100 50 10 0.00773 97.01096 0.99 47.83531 0.94
105 1 100 50 10 0.00556 97.01789 0.97 48.1784 0.94
79 2 100 100 1 0.00794 35.832684 0.98 35.73848 0.97
72 3 50 100 10 0.00796 47.74553 0.98 97.01269 1
70 3 50 100 1 0.00812 17.08582 0.94 36.122543 1
68 5 50 50 5 0.00817 42.22705 1 42.343315 0.98
120 1 50 10 10 0.00561 48.50948 1 8.024118 0.4
112 2 10 50 1 0.00347 2.414211 0 17.710436 1
100 2 100 10 1 0.00574 36.31933 1 2.3607168 0
92 4 50 10 5 0.00781 42.75641 1 6.9835362 0.6
85 5 10 50 1 0.00585 2.3693464 0 17.726177 1
51 5 100 50 10 0.01098 96.96789 0.99 47.47422 0.98
73 4 100 10 1 0.00675 36.31209 1 2.365867 0
54 4 100 100 10 0.01103 96.79167 1 96.83184 0.99
111 4 10 10 10 0.00331 8.555895 0.7 8.571021 0.7
117 1 10 100 10 0.00798 8.010489 0.3 97.04572 1
62 5 10 100 5 0.00558 6.9649463 0.1 85.71391 1
53 4 100 100 5 0.01146 85.00899 0.99 85.07927 1
110 4 10 10 5 0.00406 7.4024568 0.5 7.4111543 0.9
115 1 10 100 1 0.00695 2.3449852 0 36.32496 1
107 1 100 100 5 0.00467 85.49562 0.98 85.51068 0.96
109 4 10 10 1 0.00543 2.369966 0.7 2.3607602 1
89 3 10 100 5 0.00566 7.0036874 0.1 85.70501 1
116 1 10 100 5 0.0033 7.0752745 0 85.68747 1
69 5 50 50 10 0.007 48.10074 0.96 48.158424 0.96
91 4 50 10 1 0.00745 17.715797 1 2.3608336 0.1
101 2 100 10 5 0.00529 85.74362 1 7.0935073 0.1
102 2 100 10 10 0.00641 97.02826 1 8.10763 0.1
108 1 100 100 10 0.00564 96.94223 0.98 96.95387 0.97
106 1 100 100 1 0.00585 36.009323 0.98 35.936996 0.98
50 5 100 50 5 0.01117 85.5495 1 41.57272 0.98
86 5 10 50 5 0.00513 7.158726 0.4 42.783474 0.98
87 4 10 50 10 0.00487 8.060472 0.2 48.512474 1
121 1 50 50 1 0.00496 17.45386 0.88 17.49439 0.98
93 4 50 10 10 0.00358 48.49471 0.98 8.311723 0.2
96 3 50 50 10 0.00662 48.348583 0.98 48.26898 1
119 2 50 10 5 0.00359 42.811436 1 7.1896462 0.3
95 3 50 50 5 0.00451 42.564495 0.94 42.610714 0.96
26 5 100 100 5 0.02194 83.50258 1 84.03932 0.99
113 2 10 50 5 0.00506 7.0888805 0.1 42.78752 1
118 2 50 10 1 0.00312 17.729063 1 2.388072 0
114 2 10 50 10 0.00512 8.147114 0.3 48.50375 0.98
111 5 10 10 10 0.0035 8.502115 0.8 8.54935 0.8
110 5 10 10 5 0.00201 7.389662 0.5 7.309403 0.7
61 4 10 100 1 0.00858 2.322964 0 36.30739 1
109 5 10 10 1 0.00326 2.3824508 0.5 2.3819017 0.8
97 2 50 100 1 0.00565 17.240395 0.82 36.200417 1
75 4 100 10 10 0.00881 97.04255 1 7.830261 0.4
99 2 50 100 10 0.00594 48.013603 0.94 97.00813 0.99
74 4 100 10 5 0.00602 85.68625 0.99 6.998721 0.2
88 3 10 100 1 0.00469 2.3826318 0 36.326508 1
92 5 50 10 5 0.00807 42.784885 1 6.98292 0.6
71 4 50 100 5 0.00767 42.111084 0.98 85.61635 0.99
120 2 50 10 10 0.00463 48.522797 1 8.167179 0.4
90 3 10 100 10 0.0052 8.071643 0 97.03837 0.99
112 3 10 50 1 0.00372 2.383893 0 17.709515 1
123 1 50 50 10 0.0045 48.435295 0.92 48.412426 0.88
63 5 10 100 10 0.00778 7.9599934 0.3 97.0347 1
122 1 50 50 5 0.00422 42.642544 0.98 42.56351 0.92
94 3 50 50 1 0.00605 17.434904 0.94 17.472404 1
76 4 100 50 1 0.00937 36.085438 1 16.973883 0.96
98 2 50 100 5 0.0062 42.121544 0.96 85.66375 0.98
91 5 50 10 1 0.00629 17.70381 1 2.3573916 0
103 2 100 50 1 0.00567 36.153114 1 17.22639 0.8
136 1 10 10 1 0.00122 2.404983 0.4 2.3934598 0.7
119 3 50 10 5 0.00537 42.790596 1 7.070053 0.1
77 4 100 50 5 0.00731 85.63651 1 41.90886 0.96
93 5 50 10 10 0.00732 48.4921 1 7.9476705 0.2
104 2 100 50 5 0.00628 85.59249 1 42.122536 0.96
87 5 10 50 10 0.00646 8.02511 0.4 48.477585 1
52 5 100 100 1 0.01168 35.625336 1 35.60206 1
113 3 10 50 5 0.00787 7.0431523 0.5 42.825184 1
127 1 100 10 1 0.00335 36.311813 1 2.4165478 0
100 3 100 10 1 0.00463 36.30831 1 2.3744376 0
138 1 10 10 10 0.00243 8.619199 0.6 8.600514 0.9
73 5 100 10 1 0.00806 36.332535 1 2.3219707 0
125 1 50 100 5 0.00628 42.17413 0.92 85.57336 0.99
137 1 10 10 5 0.0035 7.3157096 0.8 7.3752418 0.5
102 3 100 10 10 0.00545 97.04265 1 8.101945 0.1
101 3 100 10 5 0.00716 85.72146 1 6.9344287 0.4
118 3 50 10 1 0.00387 17.719269 1 2.3712952 0
126 1 50 100 10 0.00397 48.23539 0.82 97.02231 0.98
115 2 10 100 1 0.00336 2.3878849 0 36.337986 1
114 3 10 50 10 0.00543 8.1839 0.2 48.50879 1
89 4 10 100 5 0.00431 7.056361 0.1 85.71119 1
117 2 10 100 10 0.00514 8.160463 0 97.03643 1
121 2 50 50 1 0.00549 17.48502 0.98 17.475891 0.92
96 4 50 50 10 0.00442 48.325756 0.94 48.295357 0.94
116 2 10 100 5 0.00396 7.029303 0 85.72117 1
78 4 100 50 10 0.00805 97.01661 0.97 47.76567 0.98
128 1 100 10 5 0.00558 85.70628 1 7.024843 0.1
72 4 50 100 10 0.00707 47.88102 0.94 96.9985 0.98
129 1 100 10 10 0.00484 97.03161 1 8.068701 0.1
105 2 100 50 10 0.00574 97.00544 0.99 48.08165 0.94
124 1 50 100 1 0.005 17.294657 0.7 36.2185 1
131 1 100 50 5 0.00449 85.61695 0.99 42.259235 0.9
95 4 50 50 5 0.00492 42.55245 0.98 42.592155 0.94
136 2 10 10 1 0.00184 2.383912 0.6 2.3687959 0.8
81 3 100 100 10 0.00704 96.87076 0.99 96.91256 1
80 3 100 100 5 0.00764 85.24871 0.99 85.37919 0.99
140 1 10 50 5 0.0037 7.177469 0.1 42.810783 1
139 1 10 50 1 0.00605 2.3754725 0 17.712784 1
70 4 50 100 1 0.00779 17.07923 0.88 36.127556 0.98
120 3 50 10 10 0.00417 48.51388 0.98 8.171672 0.2
130 1 100 50 1 0.00394 36.21284 1 17.340399 0.68
138 2 10 10 10 0.00555 8.459123 0.8 8.482115 1
132 1 100 50 10 0.00458 97.00672 0.98 48.103596 0.92
112 4 10 50 1 0.00404 2.3764298 0 17.70428 1
137 2 10 10 5 0.00042 7.414654 0.3 7.4956193 0.5
54 5 100 100 10 0.0101 96.75817 0.99 96.80512 0.99
119 4 50 10 5 0.00573 42.822594 1 7.1242833 0.4
53 5 100 100 5 0.01016 85.05097 1 85.17889 1
123 2 50 50 10 0.00595 48.330254 0.92 48.26428 0.98
74 5 100 10 5 0.00613 85.73312 1 6.9631305 0
75 5 100 10 10 0.00742 97.0392 1 7.9445415 0.5
113 4 10 50 5 0.00262 7.145109 0 42.834286 1
107 2 100 100 5 0.00549 85.51294 0.98 85.50949 0.98
88 4 10 100 1 0.00748 2.3611133 0 36.30747 1
122 2 50 50 5 0.00502 42.4682 0.98 42.553524 0.96
108 2 100 100 10 0.00533 96.97858 0.96 96.95244 0.97
138 3 10 10 10 0.00516 8.442871 0.9 8.414667 1
106 2 100 100 1 0.00641 36.009274 0.99 35.94687 0.99
79 3 100 100 1 0.00732 35.838276 0.99 35.890556 0.97
136 3 10 10 1 0.00126 2.397736 0.4 2.3804479 0.7
118 4 50 10 1 0.00426 17.73734 1 2.3696752 0
114 4 10 50 10 0.00392 8.170413 0.1 48.51054 1
133 1 100 100 1 0.005 36.02411 0.97 36.082726 0.97
90 4 10 100 10 0.00466 8.104643 0.1 97.04458 1
141 1 10 50 10 0.00337 8.28449 0.2 48.498745 1
99 3 50 100 10 0.00664 48.037483 0.94 96.9987 0.99
134 1 100 100 5 0.00451 85.51335 0.95 85.51062 0.98
137 3 10 10 5 0.00406 7.351415 0.8 7.3346257 0.8
61 5 10 100 1 0.00892 2.3177917 0 36.31082 1
71 5 50 100 5 0.00724 42.04779 0.96 85.58985 0.98
94 4 50 50 1 0.00547 17.481033 0.96 17.425632 0.92
97 3 50 100 1 0.00629 17.172045 0.82 36.15475 0.99
127 2 100 10 1 0.00434 36.291794 1 2.3931377 0
139 2 10 50 1 0.00466 2.3766685 0 17.699045 1
140 2 10 50 5 0.00199 7.1533036 0 42.82732 1
96 5 50 50 10 0.0062 48.29777 0.98 48.17062 0.96
102 4 100 10 10 0.00622 97.04013 1 7.987961 0.2
76 5 100 50 1 0.00715 36.15511 0.98 17.1173 0.86
101 4 100 10 5 0.00614 85.67887 1 6.9343815 0
120 4 50 10 10 0.00571 48.509586 1 8.100638 0.2
103 3 100 50 1 0.00595 36.182198 0.99 17.213137 0.8
145 1 50 10 1 0.00547 17.730865 1 2.3747807 0
121 3 50 50 1 0.00507 17.46429 0.94 17.495272 0.94
100 4 100 10 1 0.00596 36.291656 1 2.3544974 0
135 1 100 100 10 0.00468 96.98707 0.94 96.96028 0.94
147 1 50 10 10 0.00463 48.518135 1 8.174962 0.3
138 4 10 10 10 0.00402 8.442395 0.8 8.515176 0.7
104 3 100 50 5 0.00599 85.52585 1 42.119896 0.96
112 5 10 50 1 0.00498 2.3713279 0 17.710386 1
144 1 10 100 10 0.003 8.349202 0 97.0305 1
115 3 10 100 1 0.00463 2.404889 0 36.309246 1
146 1 50 10 5 0.00285 42.770306 1 7.241869 0.1
117 3 10 100 10 0.00475 8.21186 0.2 97.04126 1
89 5 10 100 5 0.00505 7.056964 0 85.71788 1
116 3 10 100 5 0.0053 7.1334305 0 85.74005 1
119 5 50 10 5 0.00392 42.766457 1 7.1834188 0.1
77 5 100 50 5 0.00895 85.56666 0.99 42.0176 0.96
143 1 10 100 5 0.00411 7.147553 0 85.74956 1
137 4 10 10 5 0.00324 7.33924 0.8 7.356445 0.5
128 2 100 10 5 0.00461 85.69903 1 7.136732 0.1
95 5 50 50 5 0.00495 42.52602 0.96 42.569633 0.94
136 4 10 10 1 0.00355 2.3588698 0.7 2.362692 0.9
142 1 10 100 1 0.00224 2.433295 0 36.308105 1
125 2 50 100 5 0.00547 42.39479 0.9 85.64913 0.99
129 2 100 10 10 0.00518 97.03203 1 8.2121525 0
113 5 10 50 5 0.00593 7.087222 0.3 42.781265 1
98 3 50 100 5 0.00446 42.38665 0.86 85.69614 0.99
126 2 50 100 10 0.00429 48.259457 0.82 97.00967 0.99
118 5 50 10 1 0.00348 17.72086 1 2.4022288 0
131 2 100 50 5 0.00487 85.64898 0.98 42.321545 0.88
78 5 100 50 10 0.00625 97.00583 0.98 47.98863 0.92
138 5 10 10 10 0.00702 8.377258 0.8 8.392771 1
141 2 10 50 10 0.00537 8.109698 0.4 48.4982 1
114 5 10 50 10 0.0079 7.975716 0.2 48.510456 1
72 5 50 100 10 0.00755 48.0248 0.94 96.99322 0.99
123 3 50 50 10 0.00506 48.40177 0.96 48.4195 0.96
105 3 100 50 10 0.00478 97.02487 0.97 48.166775 0.88
148 1 50 50 1 0.00385 17.498606 0.92 17.508873 0.96
137 5 10 10 5 0.00503 7.320588 0.8 7.402455 0.7
139 3 10 50 1 0.00351 2.4021542 0 17.730133 1
140 3 10 50 5 0.00387 7.136456 0 42.803936 1
122 3 50 50 5 0.00556 42.56121 1 42.50128 1
149 1 50 50 5 0.00398 42.629253 0.9 42.620113 0.92
132 2 100 50 10 0.00439 97.03387 0.99 48.249405 0.82
130 2 100 50 1 0.00305 36.239513 0.99 17.397057 0.44
124 2 50 100 1 0.00396 17.369373 0.54 36.232708 1
145 2 50 10 1 0.00191 17.738138 1 2.3954272 0
136 5 10 10 1 0.00305 2.3804297 0.6 2.3685005 0.6
120 5 50 10 10 0.00411 48.518887 1 8.187218 0.1
70 5 50 100 1 0.00654 17.113964 0.86 36.14161 1
147 2 50 10 10 0.00535 48.506485 1 8.110522 0.4
146 2 50 10 5 0.00471 42.84066 1 7.159567 0.1
88 5 10 100 1 0.00612 2.3794003 0 36.30973 1
127 3 100 10 1 0.00499 36.306614 1 2.3828154 0
90 5 10 100 10 0.00471 8.084888 0.1 97.01944 1
163 1 10 10 1 0.00386 2.3653243 0.7 2.3865056 0.8
150 1 50 50 10 0.00347 48.429775 0.9 48.435776 0.9
164 1 10 10 5 0.00334 7.3267527 0.9 7.366693 0.5
165 1 10 10 10 0.00064 8.724588 0.5 8.593377 0.7
102 5 100 10 10 0.00463 97.03811 1 8.105244 0.1
81 4 100 100 10 0.00782 96.91789 1 96.77537 0.97
101 5 100 10 5 0.00631 85.77537 1 6.9868894 0.2
121 4 50 50 1 0.00551 17.444317 0.96 17.451075 0.94
80 4 100 100 5 0.00812 85.34516 1 85.28893 0.99
94 5 50 50 1 0.00716 17.374802 1 17.400795 0.98
99 4 50 100 10 0.00604 48.078575 0.94 97.01974 0.98
144 2 10 100 10 0.00274 8.238783 0.1 97.02858 1
100 5 100 10 1 0.00747 36.30029 1 2.360726 0.1
141 3 10 50 10 0.00355 8.295574 0.2 48.519863 1
115 4 10 100 1 0.00401 2.3640444 0 36.303177 1
167 1 10 50 5 0.00402 7.0844526 0.2 42.797653 1
166 1 10 50 1 0.00364 2.406228 0 17.721596 1
143 2 10 100 5 0.00549 7.0208044 0 85.6947 1
116 4 10 100 5 0.00629 7.0043864 0.2 85.66869 1
154 1 100 10 1 0.00174 36.33036 1 2.4064946 0
156 1 100 10 10 0.00273 97.0313 1 8.174394 0
133 2 100 100 1 0.00487 36.033607 0.96 36.03224 0.96
117 4 10 100 10 0.00455 8.084703 0.4 97.02039 1
107 3 100 100 5 0.00518 85.51541 0.96 85.60841 0.96
134 2 100 100 5 0.0041 85.52726 0.95 85.50626 0.96
168 1 10 50 10 0.00462 8.198644 0.3 48.506676 1
139 4 10 50 1 0.00488 2.3866506 0 17.72047 1
140 4 10 50 5 0.00381 7.152951 0.2 42.79121 1
163 2 10 10 1 0.00011 2.3726003 0.2 2.4056559 0.5
97 4 50 100 1 0.00495 17.248638 0.8 36.19492 0.98
164 2 10 10 5 0.00585 7.3160505 0.9 7.373152 0.7
108 3 100 100 10 0.00625 96.96053 0.97 96.94409 0.96
128 3 100 10 5 0.00574 85.74499 1 7.0600204 0.2
165 2 10 10 10 0.00211 8.604225 0.6 8.491597 0.5
145 3 50 10 1 0.00367 17.74976 1 2.3937948 0
104 4 100 50 5 0.00452 85.61637 0.98 42.40903 0.76
103 4 100 50 1 0.00615 36.16689 1 17.137537 0.86
155 1 100 10 5 0.00588 85.72812 1 7.048933 0.2
106 3 100 100 1 0.00601 35.932274 0.96 35.988056 0.98
151 1 50 100 1 0.0036 17.367477 0.54 36.222843 0.97
142 2 10 100 1 0.00491 2.385806 0 36.34477 1
148 2 50 50 1 0.00371 17.521246 0.82 17.553864 0.96
147 3 50 10 10 0.00487 48.505047 1 8.201584 0.3
129 3 100 10 10 0.00378 97.03079 1 8.1998825 0.2
123 4 50 50 10 0.00546 48.41608 0.94 48.2713 0.96
172 1 50 10 1 0.00393 17.685072 1 2.3927267 0
157 1 100 50 1 0.00504 36.231937 0.99 17.334955 0.72
158 1 100 50 5 0.00463 85.63493 0.99 42.34619 0.88
152 1 50 100 5 0.00384 42.480556 0.82 85.65735 0.98
174 1 50 10 10 0.00445 48.517845 1 8.2737665 0.2
125 3 50 100 5 0.00486 42.283825 0.82 85.658 0.97
146 3 50 10 5 0.00484 42.76916 1 7.126211 0.2
153 1 50 100 10 0.00348 48.396255 0.76 97.0258 0.97
159 1 100 50 10 0.00426 97.01742 0.98 48.097263 0.74
149 2 50 50 5 0.00414 42.602596 0.94 42.63747 0.92
169 1 10 100 1 0.00418 2.3963096 0 36.325592 1
122 4 50 50 5 0.00438 42.528954 0.94 42.633274 0.96
131 3 100 50 5 0.00536 85.61186 0.99 42.25769 0.92
79 4 100 100 1 0.00821 35.878304 0.97 35.863342 0.98
126 3 50 100 10 0.00445 48.23606 0.86 96.97676 0.99
163 3 10 10 1 0.00503 2.377234 0.6 2.3887565 0.8
164 3 10 10 5 0.00373 7.3910494 0.5 7.3490186 0.6
165 3 10 10 10 0.00493 8.516068 1 8.571118 0.9
127 4 100 10 1 0.00162 36.31775 1 2.4247406 0
167 2 10 50 5 0.00363 7.17688 0.1 42.805485 1
150 2 50 50 10 0.00367 48.45465 0.84 48.434303 0.96
141 4 10 50 10 0.00493 8.196461 0.1 48.50952 0.98
170 1 10 100 5 0.00375 7.1247973 0.2 85.71525 1
173 1 50 10 5 0.00358 42.8169 1 7.193907 0.1
135 2 100 100 10 0.00458 96.99218 0.94 96.94975 0.97
166 2 10 50 1 0.00568 2.3717456 0 17.716028 1
175 1 50 50 1 0.00423 17.48639 0.92 17.507868 0.94
171 1 10 100 10 0.00412 8.190625 0.2 97.01672 1
105 4 100 50 10 0.00693 97.01894 1 48.070015 0.94
139 5 10 50 1 0.00273 2.399117 0 17.722984 1
132 3 100 50 10 0.00446 97.00519 0.99 48.16131 0.84
161 1 100 100 5 0.0036 85.55557 0.93 85.54659 0.91
121 5 50 50 1 0.00573 17.449507 1 17.493477 0.96
98 4 50 100 5 0.00566 42.22229 0.9 85.67251 0.99
177 1 50 50 10 0.0026 48.398495 0.9 48.457695 0.92
140 5 10 50 5 0.00249 7.1490726 0 42.813194 1
130 3 100 50 1 0.00529 36.182823 1 17.31644 0.7
176 1 50 50 5 0.00282 42.636295 0.9 42.71711 0.86
160 1 100 100 1 0.00386 36.106735 0.91 36.085735 0.95
168 2 10 50 10 0.0032 8.296038 0.1 48.499126 0.98
145 4 50 10 1 0.00415 17.723698 1 2.3987718 0
162 1 100 100 10 0.00445 96.96629 0.96 96.9991 0.96
163 4 10 10 1 0.00732 2.3709178 0.8 2.3757346 0.9
147 4 50 10 10 0.00382 48.519135 1 8.242428 0.1
164 4 10 10 5 0.00247 7.3476605 0.8 7.3483505 0.6
144 3 10 100 10 0.00303 8.151207 0 97.02585 1
172 2 50 10 1 0.00222 17.702488 1 2.3908863 0
165 4 10 10 10 0.00384 8.4711895 0.6 8.488014 0.7
124 3 50 100 1 0.00449 17.330818 0.68 36.241238 1
115 5 10 100 1 0.00505 2.3780851 0 36.31755 1
156 2 100 10 10 0.00335 97.02271 1 8.318284 0.2
146 4 50 10 5 0.00189 42.81662 0.98 7.180059 0.1
174 2 50 10 10 0.00434 48.513737 1 8.174333 0.3
148 3 50 50 1 0.00445 17.480913 0.92 17.485098 0.98
143 3 10 100 5 0.00398 7.122801 0 85.67021 1
116 5 10 100 5 0.00323 7.1178594 0 85.68467 1
117 5 10 100 10 0.00323 8.257402 0.1 97.03514 1
154 2 100 10 1 0.00231 36.32073 1 2.389892 0
99 5 50 100 10 0.00566 48.0776 0.98 96.97556 0.98
128 4 100 10 5 0.00388 85.71458 1 7.0765676 0.1
167 3 10 50 5 0.00254 7.2042975 0 42.844334 1
123 5 50 50 10 0.0041 48.40039 0.94 48.37048 0.96
163 5 10 10 1 0.00374 2.3855906 0.7 2.3761299 0.9
180 1 50 100 10 0.00279 48.37527 0.68 97.01097 0.95
164 5 10 10 5 0.00417 7.40914 0.7 7.2968087 0.8
141 5 10 50 10 0.00458 8.183298 0.5 48.514145 1
178 1 50 100 1 0.004 17.316538 0.66 36.227306 0.98
165 5 10 10 10 0.00649 8.439098 1 8.396496 0.9
149 3 50 50 5 0.00353 42.645924 0.96 42.65343 0.88
142 3 10 100 1 0.00328 2.3974988 0 36.319103 1
179 1 50 100 5 0.00239 42.588985 0.68 85.64635 0.96
166 3 10 50 1 0.00162 2.4235911 0 17.751553 1
104 5 100 50 5 0.00644 85.5223 0.98 42.21564 0.94
129 4 100 10 10 0.00371 97.042 1 8.164254 0.3
122 5 50 50 5 0.00554 42.497944 0.96 42.56247 0.92
81 5 100 100 10 0.00716 96.86877 0.97 96.85234 0.98
145 5 50 10 1 0.0045 17.71073 1 2.3799775 0
169 2 10 100 1 0.00464 2.3808403 0 36.28977 1
103 5 100 50 1 0.00574 36.200603 1 17.26794 0.72
181 1 100 10 1 0.00293 36.32135 1 2.4276996 0
155 2 100 10 5 0.00362 85.70653 1 7.134746 0
182 1 100 10 5 0.00131 85.70499 1 7.231845 0
133 3 100 100 1 0.00466 36.03517 0.97 36.04778 0.96
168 3 10 50 10 0.00474 8.140511 0.3 48.51412 1
150 3 50 50 10 0.00351 48.421406 0.84 48.462505 0.88
127 5 100 10 1 0.00454 36.295963 1 2.3703752 0
151 2 50 100 1 0.00391 17.358624 0.58 36.20303 0.99
134 3 100 100 5 0.00481 85.4683 0.96 85.56459 0.92
157 2 100 50 1 0.0039 36.22795 1 17.377983 0.6
97 5 50 100 1 0.00522 17.20692 0.8 36.188553 1
80 5 100 100 5 0.00711 85.41966 0.98 85.48311 0.98
158 2 100 50 5 0.00377 85.66787 0.99 42.46639 0.74
147 5 50 10 10 0.00361 48.509075 1 8.268152 0.2
125 4 50 100 5 0.00499 42.318386 0.86 85.64141 0.98
173 2 50 10 5 0.0019 42.794685 1 7.2590976 0.2
172 3 50 10 1 0.00355 17.715832 1 2.3796432 0
131 4 100 50 5 0.0049 85.6869 1 42.40205 0.84
177 2 50 50 10 0.00301 48.39668 0.84 48.441406 0.88
159 2 100 50 10 0.00551 97.01115 0.98 48.250607 0.92
107 4 100 100 5 0.00568 85.51079 0.96 85.46752 0.94
176 2 50 50 5 0.00267 42.67673 0.86 42.67828 0.92
183 1 100 10 10 0.00182 97.03537 1 8.270521 0
170 2 10 100 5 0.00305 7.1865783 0 85.7039 1
108 4 100 100 10 0.00562 96.96583 0.99 96.93826 0.97
152 2 50 100 5 0.00388 42.367996 0.84 85.68158 0.99
171 2 10 100 10 0.00461 8.11359 0.1 97.04639 1
146 5 50 10 5 0.00228 42.84156 1 7.269594 0.1
174 3 50 10 10 0.00283 48.510246 1 8.229802 0.3
126 4 50 100 10 0.00431 48.23549 0.88 97.01697 0.99
175 2 50 50 1 0.00328 17.530752 0.84 17.576952 0.98
191 1 10 10 5 0.00077 7.4176 0.6 7.340527 0.6
192 1 10 10 10 0.00239 8.584625 0.5 8.538615 0.5
190 1 10 10 1 0.0037 2.3849 0.6 2.361417 0.8
106 4 100 100 1 0.00581 36.054367 0.98 36.03652 0.98
153 2 50 100 10 0.00399 48.197624 0.82 97.01705 0.95
167 4 10 50 5 0.00199 7.281623 0 42.808056 1
148 4 50 50 1 0.00391 17.528366 0.92 17.504898 0.92
144 4 10 100 10 0.00245 8.21536 0 97.03166 1
156 3 100 10 10 0.00313 97.03674 1 8.284899 0
184 1 100 50 1 0.00342 36.26223 0.99 17.420826 0.44
166 4 10 50 1 0.00278 2.3956335 0 17.735338 1
132 4 100 50 10 0.00431 97.00843 0.98 48.348476 0.82
130 4 100 50 1 0.00504 36.16763 1 17.282427 0.74
105 5 100 50 10 0.00595 97.01268 1 47.955425 0.96
200 1 50 10 5 0.00218 42.84509 1 7.2548237 0.1
143 4 10 100 5 0.00386 7.177972 0 85.71531 1
193 1 10 50 1 0.00168 2.4331632 0 17.720312 1
199 1 50 10 1 0.0031 17.735312 1 2.4180574 0
201 1 50 10 10 0.00356 48.5027 1 8.244834 0
195 1 10 50 10 0.00095 8.346583 0 48.519154 1
194 1 10 50 5 0.00351 7.106903 0 42.83198 1
185 1 100 50 5 0.0028 85.70298 0.98 42.51194 0.68
191 2 10 10 5 0.00604 7.3754954 0.8 7.3033857 1
168 4 10 50 10 0.00184 8.301945 0 48.509056 1
192 2 10 10 10 0.00106 8.642609 0.4 8.694833 0.6
190 2 10 10 1 0.00746 2.3490665 0.6 2.3764105 0.9
186 1 100 50 10 0.00367 97.0236 0.98 48.30013 0.84
149 4 50 50 5 0.00453 42.555134 0.96 42.600334 0.92
172 4 50 10 1 0.00341 17.705248 1 2.3991208 0
128 5 100 10 5 0.00413 85.71327 1 7.1306305 0
98 5 50 100 5 0.00646 42.17535 0.88 85.6504 0.99
79 5 100 100 1 0.00683 35.860912 0.99 35.871796 0.97
150 4 50 50 10 0.00348 48.394215 0.92 48.41957 0.92
154 3 100 10 1 0.00359 36.30177 1 2.4117436 0
161 2 100 100 5 0.00418 85.55705 0.97 85.6124 0.9
202 1 50 50 1 0.00385 17.492737 0.94 17.554638 0.92
135 3 100 100 10 0.004 96.99094 0.98 96.98724 0.97
197 1 10 100 5 0.0044 7.200926 0 85.73264 1
198 1 10 100 10 0.00299 8.25347 0 97.04557 1
124 4 50 100 1 0.00421 17.354553 0.62 36.219246 1
169 3 10 100 1 0.00295 2.3908389 0 36.305393 1
196 1 10 100 1 0.00365 2.4079525 0 36.30848 1
174 4 50 10 10 0.00501 48.494556 1 8.101394 0.3
129 5 100 10 10 0.0051 97.02977 1 8.10279 0.2
160 2 100 100 1 0.00427 36.077866 0.95 36.040524 0.92
142 4 10 100 1 0.00468 2.3770826 0 36.33377 1
167 5 10 50 5 0.00445 7.187445 0.1 42.824776 0.98
177 3 50 50 10 0.00251 48.45702 0.88 48.429554 0.9
182 2 100 10 5 0.00172 85.72321 1 7.2116733 0
176 3 50 50 5 0.00304 42.69062 0.9 42.71248 0.88
203 1 50 50 5 0.00301 42.69348 0.9 42.589893 0.92
191 3 10 10 5 0.00714 7.3481827 0.9 7.341232 0.9
192 3 10 10 10 0.0021 8.604164 0.5 8.558787 0.8
204 1 50 50 10 0.00245 48.416965 0.84 48.457294 0.86
162 2 100 100 10 0.00361 96.96768 0.92 97.02714 0.9
190 3 10 10 1 0.00175 2.3760626 0.5 2.4043465 0.7
183 2 100 10 10 0.00372 97.03781 0.99 8.174382 0.1
166 5 10 50 1 0.0021 2.4095106 0 17.723547 1
180 2 50 100 10 0.00359 48.363014 0.8 97.03072 0.95
173 3 50 10 5 0.00495 42.78677 1 7.153416 0.4
170 3 10 100 5 0.00245 7.2647433 0 85.68584 1
178 2 50 100 1 0.00265 17.468945 0.46 36.237984 1
181 2 100 10 1 0.00307 36.347694 1 2.4147656 0
148 5 50 50 1 0.00343 17.535906 0.9 17.557755 0.88
193 2 10 50 1 0.00226 2.4015198 0 17.753262 1
187 1 100 100 1 0.00295 36.12099 0.85 36.136528 0.91
208 1 100 10 1 0.00527 36.30893 1 2.4118052 0
157 3 100 50 1 0.00383 36.26229 1 17.395554 0.6
199 2 50 10 1 0.00157 17.72231 1 2.4383028 0
171 3 10 100 10 0.00314 8.211156 0.2 97.0289 1
200 2 50 10 5 0.00394 42.792156 1 7.1811595 0.2
155 3 100 10 5 0.00372 85.66204 1 7.1931224 0.2
201 2 50 10 10 0.00488 48.50423 1 8.218515 0.2
194 2 10 50 5 0.00358 7.1347036 0.2 42.79236 1
195 2 10 50 10 0.00391 8.272108 0 48.510857 1
179 2 50 100 5 0.00352 42.49642 0.74 85.69103 0.97
131 5 100 50 5 0.00425 85.67132 0.97 42.3874 0.84
158 3 100 50 5 0.00339 85.65233 0.99 42.50669 0.76
151 3 50 100 1 0.0042 17.386148 0.6 36.222565 0.99
125 5 50 100 5 0.0049 42.39016 0.88 85.66492 0.99
175 3 50 50 1 0.0022 17.611763 0.8 17.549574 0.76
188 1 100 100 5 0.00311 85.55574 0.94 85.54394 0.92
156 4 100 10 10 0.00562 97.04157 1 8.057756 0.1
144 5 10 100 10 0.00493 8.228184 0 97.03839 1
168 5 10 50 10 0.00313 8.269315 0.2 48.51303 1
159 3 100 50 10 0.00353 97.02085 0.93 48.35319 0.84
191 4 10 10 5 0.00344 7.288955 0.9 7.2821856 0.8
133 4 100 100 1 0.00371 36.111664 0.97 36.100044 0.92
192 4 10 10 10 0.00517 8.373365 0.9 8.518697 0.5
172 5 50 10 1 0.00129 17.732494 1 2.4424522 0
207 1 50 100 10 0.00256 48.408585 0.56 97.01717 0.94
189 1 100 100 10 0.0033 97.00656 0.93 97.01052 0.9
134 4 100 100 5 0.00498 85.47201 0.97 85.54126 0.93
190 4 10 10 1 0.0043 2.39022 0.6 2.3728998 0.8
206 1 50 100 5 0.00401 42.506504 0.82 85.63081 0.95
126 5 50 100 10 0.00454 48.153664 0.92 97.01356 0.98
205 1 50 100 1 0.00275 17.448404 0.42 36.252895 1
143 5 10 100 5 0.00352 7.1178613 0 85.70824 1
217 1 10 10 1 -0.00062 2.398185 0.2 2.3908916 0.5
152 3 50 100 5 0.00374 42.46518 0.8 85.60594 0.98
149 5 50 50 5 0.00422 42.624496 0.94 42.558895 0.9
174 5 50 10 10 0.00244 48.51261 1 8.32267 0
107 5 100 100 5 0.00585 85.49943 0.95 85.49843 0.96
150 5 50 50 10 0.00333 48.422726 0.92 48.447876 0.82
210 1 100 10 10 0.00336 97.01998 1 8.27999 0.1
191 5 10 10 5 0.00179 7.4144793 0.7 7.4634404 0.6
153 3 50 100 10 0.00398 48.26693 0.84 97.01559 0.99
209 1 100 10 5 0.00166 85.69624 1 7.204642 0
108 5 100 100 10 0.006 96.98166 0.98 96.96722 1
192 5 10 10 10 -0.00013 8.721704 0.4 8.662051 0.3
132 5 100 50 10 0.0052 97.00456 0.98 48.247444 0.94
184 2 100 50 1 0.00293 36.26908 1 17.453388 0.4
218 1 10 10 5 0.00261 7.39787 0.8 7.31662 0.8
177 4 50 50 10 0.00445 48.4236 0.92 48.405994 0.98
202 2 50 50 1 0.00242 17.595093 0.82 17.617966 0.82
185 2 100 50 5 0.00337 85.6432 0.99 42.45572 0.78
130 5 100 50 1 0.00447 36.195755 0.99 17.34111 0.72
219 1 10 10 10 0.00223 8.537995 0.7 8.50827 0.8
176 4 50 50 5 0.00279 42.63348 0.92 42.709816 0.9
190 5 10 10 1 0.0023 2.373384 0.7 2.3697407 0.6
193 3 10 50 1 0.00402 2.4116912 0 17.717852 1
197 2 10 100 5 0.00416 7.0757117 0.1 85.72917 1
203 2 50 50 5 0.00352 42.69236 0.84 42.673855 0.88
198 2 10 100 10 0.00211 8.277722 0.1 97.02658 1
199 3 50 10 1 0.00338 17.698986 1 2.3975976 0
200 3 50 10 5 0.00153 42.839497 0.98 7.275598 0.2
201 3 50 10 10 0.00279 48.504253 1 8.294949 0.1
196 2 10 100 1 0.00519 2.3873656 0 36.318718 1
106 5 100 100 1 0.0062 35.964115 0.98 35.910824 0.98
195 3 10 50 10 0.00378 8.26838 0.1 48.51078 1
169 4 10 100 1 0.00351 2.4044752 0 36.323074 1
217 2 10 10 1 0.00036 2.4136384 0.4 2.3781326 0.6
194 3 10 50 5 0.00281 7.1843266 0 42.829 1
204 2 50 50 10 0.00272 48.47357 0.84 48.40671 0.88
182 3 100 10 5 0.00366 85.69156 1 7.1877456 0
154 4 100 10 1 0.00337 36.300697 1 2.3998945 0
173 4 50 10 5 0.0041 42.807884 1 7.1470957 0.2
142 5 10 100 1 0.00374 2.3842616 0 36.303547 1
186 2 100 50 10 0.0029 97.01965 0.99 48.381603 0.76
226 1 50 10 1 0.00473 17.718115 1 2.389788 0
220 1 10 50 1 0.00178 2.405615 0 17.7161 1
183 3 100 10 10 0.00571 97.01779 1 8.071821 0.2
218 2 10 10 5 0.00388 7.3559327 0.7 7.3864455 0.8
222 1 10 50 10 0.00304 8.237897 0.2 48.50785 0.96
221 1 10 50 5 0.00172 7.2396555 0 42.806293 1
212 1 100 50 5 0.00299 85.69986 0.94 42.573406 0.72
170 4 10 100 5 0.00292 7.223102 0 85.72088 1
219 2 10 10 10 0.00198 8.52762 0.8 8.54592 0.7
213 1 100 50 10 0.00297 97.03879 0.97 48.21581 0.84
208 2 100 10 1 0.00272 36.32987 1 2.3884037 0
171 4 10 100 10 0.00322 8.250814 0 97.02311 1
156 5 100 10 10 0.00417 97.03169 0.99 8.166256 0.1
217 3 10 10 1 0.00208 2.3696318 0.4 2.3880517 0.6
227 1 50 10 5 0.00363 42.84379 1 7.1383386 0.3
124 5 50 100 1 0.00478 17.3418 0.72 36.179573 0.99
228 1 50 10 10 0.00267 48.50479 1 8.227956 0.2
175 4 50 50 1 0.00261 17.57849 0.82 17.576357 0.86
225 1 10 100 10 0.00351 8.225417 0.1 97.03232 1
181 3 100 10 1 0.001 36.30704 1 2.4333873 0
157 4 100 50 1 0.00352 36.216724 0.99 17.401344 0.56
223 1 10 100 1 0.00103 2.42494 0 36.312134 1
161 3 100 100 5 0.00317 85.64326 0.9 85.63387 0.94
218 3 10 10 5 0.00056 7.481342 0.5 7.397908 0.7
193 4 10 50 1 0.00316 2.4021053 0 17.727383 1
224 1 10 100 5 0.00295 7.09461 0 85.67418 1
180 3 50 100 10 0.0023 48.3615 0.66 97.05063 0.97
158 4 100 50 5 0.00362 85.64364 0.96 42.427925 0.8
199 4 50 10 1 0.00176 17.738577 1 2.4121056 0
219 3 10 10 10 0.00322 8.370324 0.8 8.507381 0.7
201 4 50 10 10 0.00325 48.521477 1 8.196349 0
200 4 50 10 5 0.00366 42.83656 1 7.198317 0.2
135 4 100 100 10 0.0046 97.0067 0.96 97.00193 0.97
151 4 50 100 1 0.00413 17.37549 0.66 36.2466 1
211 1 100 50 1 0.00287 36.243134 1 17.417974 0.42
160 3 100 100 1 0.00361 36.0819 0.95 36.088135 0.9
195 4 10 50 10 0.00213 8.284558 0.1 48.51273 1
155 4 100 10 5 0.00479 85.73018 1 7.0484343 0.1
178 3 50 100 1 0.00297 17.39924 0.58 36.213562 1
229 1 50 50 1 0.00261 17.601812 0.8 17.552437 0.84
194 4 10 50 5 0.0053 7.014505 0.4 42.800404 1
159 4 100 50 10 0.00416 97.0252 0.96 48.222553 0.78
207 2 50 100 10 0.00299 48.383476 0.86 97.01893 0.99
177 5 50 50 10 0.00251 48.440025 0.82 48.428295 0.88
217 4 10 10 1 0.00275 2.3870168 0.7 2.394454 0.7
176 5 50 50 5 0.00455 42.601303 0.98 42.605705 0.92
226 2 50 10 1 0.00322 17.708265 1 2.3866158 0
203 3 50 50 5 0.00282 42.697723 0.82 42.67262 0.82
187 2 100 100 1 0.00316 36.12239 0.89 36.17662 0.91
220 2 10 50 1 0.0022 2.403525 0 17.730782 1
179 3 50 100 5 0.00308 42.558445 0.74 85.65794 1
210 2 100 10 10 0.00212 97.02568 0.99 8.286437 0
162 3 100 100 10 0.00374 96.98998 0.94 97.01248 0.94
202 3 50 50 1 0.00256 17.603191 0.8 17.56503 0.94
206 2 50 100 5 0.00279 42.5244 0.76 85.66427 0.96
209 2 100 10 5 0.00204 85.72442 0.99 7.231054 0
221 2 10 50 5 0.0032 7.1912856 0.2 42.779533 1
222 2 10 50 10 0.00138 8.325847 0 48.50356 1
218 4 10 10 5 0.00269 7.455618 0.8 7.3702087 0.7
197 3 10 100 5 0.00457 7.1979938 0.2 85.71703 1
216 1 100 100 10 0.0032 97.01241 0.91 96.98889 0.93
198 3 10 100 10 0.0021 8.359784 0 97.00442 1
173 5 50 10 5 0.00285 42.785793 1 7.187574 0
133 5 100 100 1 0.00431 36.034634 0.97 36.03446 0.97
196 3 10 100 1 0.00159 2.4422662 0 36.33061 1
230 1 50 50 5 0.00312 42.634975 0.88 42.678886 0.92
214 1 100 100 1 0.00323 36.107143 0.95 36.14253 0.93
219 4 10 10 10 0.00087 8.582544 0.7 8.589518 0.6
134 5 100 100 5 0.00445 85.59439 0.97 85.57724 0.94
205 2 50 100 1 0.00293 17.439478 0.4 36.26139 0.99
169 5 10 100 1 0.0047 2.3855846 0 36.325485 1
189 2 100 100 10 0.00326 97.0185 0.88 96.98342 0.89
236 1 100 10 5 0.00208 85.71397 1 7.2327867 0
152 4 50 100 5 0.00382 42.405136 0.78 85.63235 1
182 4 100 10 5 0.00505 85.73158 1 7.1522346 0.2
231 1 50 50 10 0.00244 48.40107 0.84 48.46375 0.86
188 2 100 100 5 0.00337 85.60429 0.92 85.64979 0.92
204 3 50 50 10 0.00255 48.435356 0.8 48.46977 0.84
227 2 50 10 5 0.00031 42.860626 1 7.361177 0
185 3 100 50 5 0.00354 85.70421 0.98 42.53607 0.7
228 2 50 10 10 0.00213 48.5163 1 8.285975 0
217 5 10 10 1 0.00131 2.4104397 0.2 2.3813186 0.6
215 1 100 100 5 0.00285 85.63118 0.88 85.60746 0.9
183 4 100 10 10 0.0025 97.03341 1 8.36602 0
184 3 100 50 1 0.00311 36.269768 1 17.406727 0.46
235 1 100 10 1 0.00203 36.31558 1 2.413028 0
154 5 100 10 1 0.00431 36.339336 1 2.4053626 0
244 1 10 10 1 0.00913 2.3853784 0.8 2.3802335 0.9
237 1 100 10 10 0.00281 97.02972 1 8.235999 0.1
193 5 10 50 1 0.0028 2.3992128 0 17.718805 1
199 5 50 10 1 0.00426 17.707462 1 2.3850393 0
232 1 50 100 1 0.00333 17.403448 0.48 36.247147 1
218 5 10 10 5 0.00292 7.3850327 0.6 7.290762 0.7
170 5 10 100 5 0.00291 7.2298255 0.1 85.72925 1
153 4 50 100 10 0.00325 48.218224 0.76 97.01627 0.97
233 1 50 100 5 0.00249 42.667027 0.64 85.70925 0.94
201 5 50 10 10 0.00123 48.50282 1 8.438977 0
208 3 100 10 1 0.00274 36.342552 1 2.4218752 0
245 1 10 10 5 0.0003 7.527937 0.4 7.3845205 0.8
200 5 50 10 5 0.00444 42.81445 1 7.0988927 0
246 1 10 10 10 0.00294 8.514229 0.6 8.484575 0.8
195 5 10 50 10 0.00138 8.276581 0 48.523273 1
219 5 10 10 10 0.00203 8.421283 0.6 8.493172 0.6
234 1 50 100 10 0.0022 48.400387 0.66 97.02465 0.97
171 5 10 100 10 0.00559 8.088348 0.1 97.03809 1
194 5 10 50 5 0.00105 7.3368845 0 42.80886 1
226 3 50 10 1 0.00399 17.721254 1 2.3928337 0
186 3 100 50 10 0.00273 97.02401 0.94 48.329594 0.76
220 3 10 50 1 0.00175 2.414078 0 17.754118 1
212 2 100 50 5 0.00322 85.67195 0.97 42.56857 0.66
225 2 10 100 10 0.00359 8.229309 0.1 97.04306 1
213 2 100 50 10 0.00269 97.01682 0.97 48.275944 0.76
223 2 10 100 1 0.00217 2.4295244 0 36.336487 1
244 2 10 10 1 0.00081 2.4059043 0.5 2.3667202 0.7
175 5 50 50 1 0.00315 17.543964 0.9 17.579435 0.84
221 3 10 50 5 0.00355 7.2304964 0.1 42.817234 1
222 3 10 50 10 0.00402 8.166308 0.2 48.509754 1
224 2 10 100 5 0.00381 7.1669817 0 85.71897 1
229 2 50 50 1 0.00274 17.573862 0.82 17.570656 0.82
238 1 100 50 1 0.00258 36.252117 1 17.522417 0.36
247 1 10 50 1 0.00205 2.386426 0 17.723536 1
203 4 50 50 5 0.00256 42.683826 0.84 42.671387 0.84
248 1 10 50 5 0.0021 7.248141 0 42.8175 1
253 1 50 10 1 0.00313 17.73211 1 2.4055207 0
249 1 10 50 10 0.00156 8.358906 0.1 48.514324 1
239 1 100 50 5 0.00239 85.65515 0.97 42.5532 0.62
227 3 50 10 5 0.00358 42.82301 1 7.1675186 0.1
245 2 10 10 5 0.00177 7.3962736 0.7 7.3883586 0.7
157 5 100 50 1 0.00302 36.229187 0.99 17.459206 0.48
246 2 10 10 10 -0.00092 8.645649 0.2 8.712465 0.5
228 3 50 10 10 0.00309 48.511147 1 8.204649 0.2
181 4 100 10 1 0.00308 36.316128 1 2.4081004 0
202 4 50 50 1 0.00322 17.545206 0.86 17.583063 0.9
158 5 100 50 5 0.00356 85.67205 0.94 42.45327 0.8
240 1 100 50 10 0.00258 97.01474 0.94 48.37014 0.74
210 3 100 10 10 0.0021 97.00318 1 8.311075 0.1
230 2 50 50 5 0.00263 42.704464 0.82 42.660774 0.82
198 4 10 100 10 0.00236 8.25976 0.2 97.03559 1
197 4 10 100 5 0.00207 7.2106314 0 85.73617 1
244 3 10 10 1 0.00503 2.3850422 0.7 2.3743844 0.9
151 5 50 100 1 0.00492 17.319843 0.7 36.2362 0.99
180 4 50 100 10 0.00333 48.350304 0.76 97.03739 0.97
231 2 50 50 10 0.00211 48.4594 0.84 48.48066 0.78
209 3 100 10 5 0.00386 85.72374 0.99 7.161921 0
196 4 10 100 1 0.00406 2.402998 0 36.32091 1
207 3 50 100 10 0.00299 48.33331 0.76 97.03442 0.95
254 1 50 10 5 0.00216 42.83281 1 7.2174473 0.1
159 5 100 50 10 0.00393 97.01159 0.97 48.32916 0.86
204 4 50 50 10 0.00275 48.4449 0.78 48.41982 0.92
236 2 100 10 5 0.00365 85.6814 1 7.1921864 0
255 1 50 10 10 0.00258 48.507107 1 8.3335495 0.2
155 5 100 10 5 0.00511 85.64318 1 7.0459437 0
226 4 50 10 1 0.0028 17.71431 1 2.4205527 0
251 1 10 100 5 0.00344 7.1617627 0.1 85.72622 1
178 4 50 100 1 0.00304 17.426392 0.44 36.234177 1
182 5 100 10 5 0.00129 85.70579 1 7.2024612 0
252 1 10 100 10 0.00065 8.352774 0 97.04065 0.99
220 4 10 50 1 0.00181 2.4160776 0 17.748755 1
183 5 100 10 10 0.00138 97.03162 1 8.334326 0
237 2 100 10 10 0.00415 97.04373 0.99 8.286216 0.2
245 3 10 10 5 0.00597 7.3460474 0.9 7.3019013 0.9
161 4 100 100 5 0.0036 85.58566 0.89 85.55919 0.93
246 3 10 10 10 0.00082 8.554736 0.7 8.592926 0.7
206 3 50 100 5 0.00284 42.5409 0.74 85.64137 0.96
247 2 10 50 1 0.00231 2.426406 0 17.717033 1
221 4 10 50 5 0.00111 7.2683883 0 42.820953 1
244 4 10 10 1 0.00147 2.4054902 0.5 2.3860154 0.8
179 4 50 100 5 0.0034 42.459366 0.76 85.71424 0.95
250 1 10 100 1 0.00108 2.4374497 0 36.303677 1
222 4 10 50 10 0.00153 8.37985 0 48.512745 1
208 4 100 10 1 0.00335 36.32572 1 2.4306698 0
257 1 50 50 5 0.00268 42.6951 0.8 42.64483 0.84
256 1 50 50 1 0.00235 17.544182 0.94 17.570938 0.88
235 2 100 10 1 0.00301 36.31523 1 2.4242747 0
185 4 100 50 5 0.00311 85.63911 0.94 42.55636 0.7
160 4 100 100 1 0.00404 36.07451 0.93 36.036224 0.98
248 2 10 50 5 0.00333 7.1805162 0.1 42.780926 1
187 3 100 100 1 0.00347 36.104828 0.94 36.142357 0.92
243 1 100 100 10 0.00259 97.0049 0.85 97.00778 0.87
241 1 100 100 1 0.00212 36.163765 0.88 36.209824 0.87
211 2 100 50 1 0.00243 36.225292 1 17.481346 0.36
242 1 100 100 5 0.00207 85.67583 0.9 85.6524 0.86
253 2 50 10 1 0.00349 17.69871 1 2.4139326 0
135 5 100 100 10 0.00519 96.98711 0.96 96.93732 0.96
205 3 50 100 1 0.00308 17.478357 0.4 36.261852 0.98
249 2 10 50 10 0.00226 8.398091 0 48.51311 1
227 4 50 10 5 0.00182 42.82473 1 7.2950673 0
184 4 100 50 1 0.00279 36.23949 1 17.475624 0.44
152 5 50 100 5 0.00508 42.315434 0.88 85.62948 0.99
228 4 50 10 10 0.00136 48.51443 1 8.3967 0
232 2 50 100 1 0.00313 17.449295 0.36 36.283356 0.99
233 2 50 100 5 0.0019 42.692745 0.52 85.63103 0.95
225 3 10 100 10 9e-05 8.476025 0 97.02896 1
203 5 50 50 5 0.00293 42.698654 0.84 42.69461 0.84
189 3 100 100 10 0.00325 97.01517 0.95 97.01833 0.95
229 3 50 50 1 0.00195 17.56833 0.8 17.640835 0.82
254 2 50 10 5 0.0023 42.790596 1 7.1957164 0
223 3 10 100 1 0.00052 2.439771 0 36.323338 1
216 2 100 100 10 0.00361 97.02054 0.95 97.01105 0.99
162 4 100 100 10 0.00351 97.02012 0.93 97.02537 0.94
244 5 10 10 1 0.00386 2.383727 0.8 2.3891535 0.7
245 4 10 10 5 0.00408 7.360998 0.7 7.370394 0.7
234 2 50 100 10 0.00265 48.36897 0.74 97.04354 0.98
224 3 10 100 5 0.00266 7.225428 0 85.71827 1
246 4 10 10 10 -0.0007 8.665307 0.7 8.672603 0.5
226 5 50 10 1 0.00279 17.730347 1 2.385846 0
255 2 50 10 10 0.00121 48.492603 1 8.398175 0
258 1 50 50 10 0.00213 48.471764 0.74 48.465645 0.82
188 3 100 100 5 0.00309 85.59556 0.9 85.56645 0.91
153 5 50 100 10 0.00425 48.31503 0.8 97.02643 0.99
186 4 100 50 10 0.00382 97.01554 0.96 48.237507 0.78
212 3 100 50 5 0.00257 85.64863 0.96 42.635674 0.66
230 3 50 50 5 0.00225 42.642776 0.88 42.697014 0.84
220 5 10 50 1 0.00291 2.3843076 0 17.73177 1
202 5 50 50 1 0.00281 17.55074 0.9 17.57084 0.92
213 3 100 50 10 0.00296 97.04292 0.96 48.40529 0.7
231 3 50 50 10 0.0024 48.491276 0.82 48.4511 0.8
247 3 10 50 1 0.00328 2.4004452 0.1 17.702002 1
263 1 100 10 5 0.00245 85.70312 1 7.246193 0.2
264 1 100 10 10 0.00296 97.03153 1 8.242381 0
197 5 10 100 5 0.00375 7.1669855 0 85.68611 1
239 2 100 50 5 0.00251 85.60604 0.97 42.57809 0.68
204 5 50 50 10 0.00404 48.3506 0.9 48.43109 0.86
210 4 100 10 10 0.00207 97.03484 1 8.305686 0.1
198 5 10 100 10 0.00126 8.399868 0 97.04028 1
262 1 100 10 1 0.00231 36.311424 1 2.3979225 0
248 3 10 50 5 0.00245 7.284433 0 42.818665 1
214 2 100 100 1 0.0031 36.141754 0.91 36.12132 0.93
221 5 10 50 5 0.00216 7.190626 0.1 42.81387 0.98
222 5 10 50 10 0.00324 8.279432 0.2 48.504864 1
196 5 10 100 1 0.00361 2.4109526 0 36.314423 1
238 2 100 50 1 0.00216 36.25483 0.99 17.518038 0.3
236 3 100 10 5 0.00147 85.72613 1 7.314012 0
215 2 100 100 5 0.00336 85.60498 0.92 85.61358 0.88
253 3 50 10 1 0.0014 17.716219 1 2.4100173 0
209 4 100 10 5 0.00348 85.73954 1 7.124903 0.1
251 2 10 100 5 0.00077 7.2256236 0 85.69566 1
227 5 50 10 5 0.00306 42.8355 1 7.205547 0.2
245 5 10 10 5 0.00361 7.4282856 0.7 7.3760796 0.7
249 3 10 50 10 0.00128 8.4269285 0 48.50308 0.96
181 5 100 10 1 0.00367 36.331497 1 2.4187129 0
261 1 50 100 10 0.00269 48.399963 0.66 97.0041 0.99
237 3 100 10 10 0.00134 97.02569 1 8.382463 0
246 5 10 10 10 0.00145 8.552357 0.8 8.614126 0.6
240 2 100 50 10 0.00285 97.04118 0.97 48.380856 0.66
228 5 50 10 10 0.00232 48.50761 1 8.422313 0.1
252 2 10 100 10 0.00369 8.217672 0.2 97.0371 1
260 1 50 100 5 0.00171 42.592815 0.56 85.64869 0.93
254 3 50 10 5 0.00279 42.80312 1 7.2329326 0.2
257 2 50 50 5 0.00249 42.72321 0.82 42.681805 0.84
207 4 50 100 10 0.00334 48.30676 0.78 97.02467 1
256 2 50 50 1 0.00195 17.579472 0.84 17.593042 0.86
208 5 100 10 1 0.00202 36.327187 1 2.43739 0
265 1 100 50 1 0.00217 36.258068 0.98 17.465305 0.26
180 5 50 100 10 0.0025 48.39908 0.66 97.01713 0.96
255 3 50 10 10 0.00192 48.50169 1 8.303891 0
259 1 50 100 1 0.00199 17.530481 0.26 36.23247 0.98
247 4 10 50 1 0.00349 2.4010038 0 17.731913 1
235 3 100 10 1 0.00229 36.325497 1 2.4193752 0
250 2 10 100 1 0.00313 2.396484 0 36.307476 1
229 4 50 50 1 0.00278 17.516266 0.88 17.606705 0.84
178 5 50 100 1 0.00296 17.42246 0.48 36.268604 1
185 5 100 50 5 0.00275 85.69533 1 42.56431 0.74
248 4 10 50 5 0.00256 7.262015 0.2 42.8207 1
225 4 10 100 10 0.00339 8.268047 0.2 97.04873 1
258 2 50 50 10 0.00256 48.45051 0.88 48.48608 0.88
223 4 10 100 1 0.00419 2.385664 0 36.30381 1
206 4 50 100 5 0.00255 42.551464 0.68 85.63555 0.96
253 4 50 10 1 0.00262 17.712767 1 2.3999474 0
232 3 50 100 1 0.00332 17.400932 0.5 36.223644 1
224 4 10 100 5 0.00311 7.2670255 0.1 85.67155 1
230 4 50 50 5 0.00242 42.658844 0.76 42.705894 0.8
231 4 50 50 10 0.00323 48.456627 0.88 48.395145 0.9
179 5 50 100 5 0.0028 42.5088 0.68 85.68412 0.96
233 3 50 100 5 0.00248 42.605366 0.72 85.64591 0.97
249 4 10 50 10 0.00222 8.273903 0.1 48.510723 1
184 5 100 50 1 0.00411 36.22935 1 17.36682 0.54
254 4 50 10 5 0.00307 42.80742 1 7.183002 0.1
205 4 50 100 1 0.00214 17.48672 0.34 36.24195 0.99
242 2 100 100 5 0.00256 85.60365 0.89 85.64002 0.87
243 2 100 100 10 0.00284 96.98888 0.87 97.01313 0.92
263 2 100 10 5 -0.00035 85.70183 1 7.3536987 0
267 1 100 50 10 0.00295 97.01938 0.99 48.367516 0.64
266 1 100 50 5 0.00213 85.74114 0.94 42.603695 0.62
187 4 100 100 1 0.00334 36.081745 0.92 36.109566 0.94
161 5 100 100 5 0.00388 85.56694 0.93 85.61581 0.95
264 2 100 10 10 0.00485 97.0342 1 8.252095 0.2
234 3 50 100 10 0.00253 48.35258 0.74 97.03125 0.96
210 5 100 10 10 0.00356 97.026 1 8.289049 0
262 2 100 10 1 0.00148 36.302223 1 2.4357162 0
160 5 100 100 1 0.00329 36.110813 0.94 36.124786 0.92
236 4 100 10 5 0.00087 85.67148 1 7.2643237 0
211 3 100 50 1 0.00325 36.23075 1 17.415924 0.48
247 5 10 50 1 0.00241 2.3930573 0 17.737135 1
212 4 100 50 5 0.00356 85.62835 0.98 42.51893 0.7
186 5 100 50 10 0.0031 97.02222 0.93 48.36677 0.72
251 3 10 100 5 0.0038 7.1396112 0.2 85.6934 1
239 3 100 50 5 0.00341 85.64692 0.99 42.550785 0.72
237 4 100 10 10 0.00146 97.0397 1 8.301345 0
255 4 50 10 10 0.00253 48.51307 1 8.316977 0.1
257 3 50 50 5 0.00355 42.658974 0.86 42.61748 0.94
213 4 100 50 10 0.00258 97.03229 0.97 48.35385 0.7
209 5 100 10 5 0.00293 85.73309 1 7.149808 0
189 4 100 100 10 0.00315 97.02829 0.87 97.00862 0.88
241 2 100 100 1 0.00273 36.17599 0.89 36.182743 0.91
256 3 50 50 1 0.00222 17.606531 0.88 17.586832 0.86
252 3 10 100 10 0.00174 8.33829 0 97.02927 1
248 5 10 50 5 0.00272 7.2262635 0 42.832733 1
269 1 100 100 5 0.00221 85.67892 0.83 85.67666 0.89
216 3 100 100 10 0.00256 97.03246 0.92 97.01305 0.88
253 5 50 10 1 0.00084 17.73705 1 2.4124737 0
162 5 100 100 10 0.00449 96.93059 0.96 96.9844 0.96
261 2 50 100 10 0.00258 48.386005 0.66 97.03943 0.96
238 3 100 50 1 0.00204 36.2707 1 17.51597 0.24
188 4 100 100 5 0.00252 85.64546 0.93 85.58989 0.89
254 5 50 10 5 0.00362 42.823475 1 7.1481724 0.2
249 5 10 50 10 0.0016 8.349431 0 48.509796 1
207 5 50 100 10 0.00238 48.33902 0.68 97.02014 0.94
240 3 100 50 10 0.0028 97.03047 0.97 48.350636 0.84
268 1 100 100 1 0.00206 36.19019 0.91 36.20212 0.84
229 5 50 50 1 0.00213 17.604147 0.76 17.581764 0.86
260 2 50 100 5 0.00246 42.664455 0.6 85.72673 0.96
258 3 50 50 10 0.00254 48.46205 0.84 48.43362 0.9
265 2 100 50 1 0.00242 36.210228 0.97 17.481384 0.3
270 1 100 100 10 0.0022 97.01824 0.86 97.02798 0.84
231 5 50 50 10 0.00187 48.422966 0.8 48.461456 0.84
235 4 100 10 1 0.00288 36.315838 1 2.4044576 0
230 5 50 50 5 0.00174 42.739746 0.82 42.6991 0.92
225 5 10 100 10 0.00198 8.317357 0.1 97.01449 1
223 5 10 100 1 0.00316 2.430223 0 36.33345 1
250 3 10 100 1 0.00126 2.4290435 0 36.30195 1
224 5 10 100 5 0.00151 7.274983 0 85.72803 1
255 5 50 10 10 0.00437 48.50114 1 8.241182 0.2
263 3 100 10 5 0.00232 85.68086 1 7.2273493 0
215 3 100 100 5 0.00309 85.58517 0.95 85.6215 0.92
232 4 50 100 1 0.00237 17.515207 0.34 36.264263 0.98
214 3 100 100 1 0.00383 36.118065 0.92 36.050575 0.92
264 3 100 10 10 0.00187 97.03911 0.99 8.289159 0
233 4 50 100 5 0.0024 42.55556 0.74 85.62608 0.93
206 5 50 100 5 0.00314 42.59088 0.74 85.67655 0.98
259 2 50 100 1 0.00193 17.500036 0.28 36.254883 1
236 5 100 10 5 0.00263 85.69131 1 7.197638 0
257 4 50 50 5 0.00199 42.71317 0.72 42.67978 0.84
237 5 100 10 10 0.00175 97.04225 1 8.400912 0
251 4 10 100 5 0.0004 7.3309917 0 85.73696 1
262 3 100 10 1 0.00134 36.296326 1 2.419761 0
256 4 50 50 1 0.0026 17.55658 0.84 17.553196 0.84
267 2 100 50 10 0.00245 97.03088 0.98 48.402157 0.7
252 4 10 100 10 0.00163 8.326263 0.1 97.042 1
205 5 50 100 1 0.00204 17.53085 0.34 36.226677 1
234 4 50 100 10 0.0022 48.386555 0.6 97.01431 0.97
239 4 100 50 5 0.00235 85.64969 0.98 42.510696 0.62
243 3 100 100 10 0.00213 97.01858 0.84 97.02793 0.88
212 5 100 50 5 0.00327 85.66175 0.98 42.51579 0.68
242 3 100 100 5 0.00257 85.59826 0.87 85.59365 0.91
258 4 50 50 10 0.00308 48.46241 0.84 48.399197 0.82
187 5 100 100 1 0.00365 36.11191 0.95 36.10525 0.91
213 5 100 50 10 0.00269 97.02523 0.97 48.415695 0.72
266 2 100 50 5 0.0019 85.6987 0.93 42.63133 0.58
261 3 50 100 10 0.00217 48.38306 0.66 97.0339 0.95
265 3 100 50 1 0.00282 36.222603 1 17.41412 0.44
189 5 100 100 10 0.00327 96.99057 0.92 97.03049 0.95
211 4 100 50 1 0.00296 36.241474 1 17.456635 0.5
240 4 100 50 10 0.00297 97.02841 0.96 48.326134 0.78
235 5 100 10 1 0.0008 36.30534 1 2.420312 0
238 4 100 50 1 0.00283 36.252094 0.98 17.481174 0.4
260 3 50 100 5 0.00188 42.65293 0.54 85.68067 0.94
269 2 100 100 5 0.00218 85.62482 0.89 85.60665 0.82
216 4 100 100 10 0.00286 97.01276 0.84 97.01445 0.91
263 4 100 10 5 0.00177 85.67944 1 7.239818 0
257 5 50 50 5 0.00208 42.723396 0.8 42.703854 0.84
250 4 10 100 1 0.00205 2.4362593 0 36.303497 1
241 3 100 100 1 0.00224 36.180965 0.87 36.17591 0.88
264 4 100 10 10 0.00194 97.03419 1 8.327103 0
256 5 50 50 1 0.00285 17.58706 0.84 17.581577 0.82
251 5 10 100 5 0.00227 7.227292 0 85.7101 1
188 5 100 100 5 0.0029 85.65209 0.9 85.64033 0.9
262 4 100 10 1 0.00352 36.329758 1 2.4052691 0
232 5 50 100 1 0.00321 17.43271 0.5 36.227585 0.98
270 2 100 100 10 0.00183 97.01218 0.86 97.02347 0.83
252 5 10 100 10 0.00239 8.257376 0 97.04655 1
233 5 50 100 5 0.00291 42.592323 0.64 85.70883 0.96
258 5 50 50 10 0.00262 48.438793 0.88 48.44834 0.86
268 2 100 100 1 0.00271 36.1513 0.9 36.15856 0.85
267 3 100 50 10 0.0021 97.01146 0.94 48.36998 0.64
239 5 100 50 5 0.00258 85.69043 0.99 42.54379 0.62
234 5 50 100 10 0.00329 48.284386 0.68 97.03031 0.97
259 3 50 100 1 0.00192 17.530458 0.2 36.287674 0.98
243 4 100 100 10 0.00277 97.01373 0.87 97.02804 0.92
215 4 100 100 5 0.00302 85.61839 0.92 85.55907 0.95
242 4 100 100 5 0.00242 85.64555 0.87 85.57193 0.87
265 4 100 50 1 0.00181 36.260567 0.99 17.49618 0.24
263 5 100 10 5 0.0026 85.72549 1 7.2073073 0
214 4 100 100 1 0.00358 36.14398 0.94 36.13587 0.95
261 4 50 100 10 0.00217 48.439083 0.7 97.02649 0.97
240 5 100 50 10 0.00222 97.01188 0.96 48.421875 0.72
264 5 100 10 10 0.00348 97.04235 1 8.261186 0.3
250 5 10 100 1 0.0026 2.4216876 0 36.331886 1
260 4 50 100 5 0.00266 42.614174 0.64 85.69175 0.97
238 5 100 50 1 0.00199 36.26338 0.99 17.486528 0.3
262 5 100 10 1 0.00242 36.325512 1 2.417998 0
266 3 100 50 5 0.00202 85.66777 0.96 42.614624 0.62
269 3 100 100 5 0.00223 85.59039 0.89 85.62601 0.89
211 5 100 50 1 0.00237 36.26721 0.99 17.448198 0.34
216 5 100 100 10 0.00281 97.00732 0.88 97.00838 0.91
267 4 100 50 10 0.00209 97.03893 0.94 48.424164 0.64
241 4 100 100 1 0.00186 36.20218 0.84 36.166084 0.8
270 3 100 100 10 0.00194 97.04168 0.85 97.01513 0.86
265 5 100 50 1 0.00202 36.27561 0.98 17.475933 0.28
268 3 100 100 1 0.00211 36.17847 0.82 36.1826 0.89
259 4 50 100 1 0.00223 17.500235 0.3 36.23042 0.99
261 5 50 100 10 0.00219 48.38705 0.56 97.02795 0.94
243 5 100 100 10 0.00268 97.00649 0.91 97.01489 0.9
242 5 100 100 5 0.00246 85.58647 0.83 85.65272 0.86
260 5 50 100 5 0.0029 42.61822 0.78 85.67472 0.98
215 5 100 100 5 0.00296 85.59598 0.89 85.61791 0.94
267 5 100 50 10 0.00216 97.0324 0.96 48.39672 0.64
214 5 100 100 1 0.0024 36.15224 0.88 36.144386 0.89
269 4 100 100 5 0.00243 85.65359 0.86 85.6311 0.81
266 4 100 50 5 0.00247 85.63651 0.97 42.564526 0.64
270 4 100 100 10 0.00281 96.97456 0.89 97.01843 0.93
241 5 100 100 1 0.00266 36.162075 0.88 36.16875 0.9
259 5 50 100 1 0.00256 17.43144 0.4 36.23221 1
268 4 100 100 1 0.00217 36.204945 0.89 36.223606 0.85
269 5 100 100 5 0.00258 85.57981 0.91 85.64174 0.89
266 5 100 50 5 0.00267 85.66615 0.98 42.47267 0.76
270 5 100 100 10 0.00229 97.01762 0.88 97.01323 0.84
268 5 100 100 1 0.00246 36.152817 0.87 36.157524 0.92
